400.00      11.7
400.10      11.7
400.20      12.0
400.30      12.0
400.40      12.0
400.50      12.0
400.60      12.2
400.70      12.2
400.80      12.2
400.90      12.2
401.00      12.2
401.10      12.5
401.20      12.5
401.30      12.5
401.40      12.7
401.50      12.7
401.60      12.7
401.70      12.9
401.80      12.9
401.90      12.9
402.00      13.2
402.10      13.2
402.20      13.2
402.30      13.4
402.40      13.4
402.50      13.7
402.60      13.7
402.70      13.9
402.80      13.9
402.90      13.9
403.00      14.2
403.10      14.2
403.20      14.4
403.30      14.4
403.40      14.4
403.50      14.7
403.60      14.7
403.70      14.9
403.80      15.1
403.90      15.1
404.00      15.1
404.10      15.4
404.20      15.4
404.30      15.6
404.40      15.9
404.50      15.9
404.60      16.1
404.70      16.4
404.80      16.4
404.90      16.4
405.00      16.6
405.10      16.6
405.20      16.8
405.30      16.8
405.40      17.1
405.50      17.1
405.60      17.3
405.70      17.3
405.80      17.6
405.90      17.8
406.00      17.8
406.10      18.1
406.20      18.1
406.30      18.3
406.40      18.6
406.50      18.8
406.60      18.8
406.70      19.0
406.80      19.0
406.90      19.3
407.00      19.5
407.10      19.8
407.20      19.8
407.30      20.0
407.40      20.3
407.50      20.3
407.60      20.5
407.70      20.5
407.80      20.8
407.90      21.0
408.00      21.2
408.10      21.2
408.20      21.5
408.30      21.7
408.40      22.0
408.50      22.0
408.60      22.2
408.70      22.5
408.80      22.7
408.90      23.0
409.00      23.0
409.10      23.2
409.20      23.4
409.30      23.7
409.40      23.9
409.50      23.9
409.60      24.2
409.70      24.4
409.80      24.7
409.90      24.9
410.00      25.2
410.10      25.4
410.20      25.6
410.30      25.9
410.40      26.1
410.50      26.4
410.60      26.6
410.70      26.9
410.80      27.1
410.90      27.1
411.00      27.4
411.10      27.6
411.20      27.8
411.30      28.1
411.40      28.3
411.50      28.6
411.60      28.8
411.70      29.1
411.80      29.3
411.90      29.3
412.00      29.5
412.10      29.8
412.20      30.0
412.30      30.3
412.40      30.5
412.50      30.8
412.60      31.0
412.70      31.3
412.80      31.5
412.90      31.7
413.00      32.0
413.10      32.0
413.20      32.2
413.30      32.5
413.40      32.7
413.50      33.0
413.60      33.2
413.70      33.5
413.80      33.5
413.90      33.7
414.00      33.9
414.10      34.2
414.20      34.4
414.30      34.4
414.40      34.7
414.50      34.9
414.60      35.2
414.70      35.4
414.80      35.4
414.90      35.7
415.00      35.9
415.10      36.1
415.20      36.4
415.30      36.4
415.40      36.6
415.50      36.9
415.60      36.9
415.70      37.1
415.80      37.4
415.90      37.4
416.00      37.6
416.10      37.9
416.20      38.1
416.30      38.1
416.40      38.3
416.50      38.3
416.60      38.6
416.70      38.8
416.80      39.1
416.90      39.1
417.00      39.3
417.10      39.6
417.20      39.6
417.30      39.8
417.40      39.8
417.50      40.0
417.60      40.3
417.70      40.3
417.80      40.5
417.90      40.5
418.00      40.8
418.10      40.8
418.20      41.0
418.30      41.0
418.40      41.3
418.50      41.3
418.60      41.3
418.70      41.5
418.80      41.5
418.90      41.8
419.00      41.8
419.10      42.0
419.20      42.0
419.30      42.0
419.40      42.2
419.50      42.2
419.60      42.2
419.70      42.2
419.80      42.5
419.90      42.5
420.00      42.5
420.10      42.5
420.20      42.7
420.30      42.7
420.40      42.7
420.50      42.7
420.60      42.7
420.70      42.7
420.80      42.7
420.90      42.7
421.00      42.7
421.10      43.0
421.20      42.7
421.30      43.0
421.40      43.0
421.50      43.0
421.60      43.0
421.70      42.7
421.80      42.7
421.90      42.7
422.00      42.7
422.10      42.7
422.20      42.7
422.30      42.7
422.40      42.5
422.50      42.5
422.60      42.5
422.70      42.5
422.80      42.5
422.90      42.2
423.00      42.2
423.10      42.2
423.20      42.0
423.30      42.0
423.40      42.0
423.50      42.0
423.60      41.8
423.70      41.8
423.80      41.8
423.90      41.5
424.00      41.5
424.10      41.5
424.20      41.5
424.30      41.3
424.40      41.3
424.50      41.0
424.60      41.0
424.70      40.8
424.80      40.8
424.90      40.5
425.00      40.5
425.10      40.5
425.20      40.3
425.30      40.3
425.40      40.0
425.50      39.8
425.60      39.8
425.70      39.8
425.80      39.6
425.90      39.3
426.00      39.3
426.10      39.1
426.20      39.1
426.30      38.8
426.40      38.6
426.50      38.6
426.60      38.6
426.70      38.3
426.80      38.1
426.90      38.1
427.00      37.9
427.10      37.6
427.20      37.6
427.30      37.4
427.40      37.4
427.50      37.1
427.60      36.9
427.70      36.9
427.80      36.6
427.90      36.6
428.00      36.4
428.10      36.1
428.20      35.9
428.30      35.9
428.40      35.7
428.50      35.7
428.60      35.4
428.70      35.4
428.80      35.2
428.90      34.9
429.00      34.9
429.10      34.7
429.20      34.4
429.30      34.4
429.40      34.2
429.50      33.9
429.60      33.9
429.70      33.7
429.80      33.5
429.90      33.5
430.00      33.2
430.10      33.2
430.20      33.0
430.30      32.7
430.40      32.7
430.50      32.5
430.60      32.2
430.70      32.2
430.80      32.0
430.90      32.0
431.00      31.7
431.10      31.5
431.20      31.5
431.30      31.3
431.40      31.0
431.50      31.0
431.60      30.8
431.70      30.5
431.80      30.5
431.90      30.3
432.00      30.0
432.10      30.0
432.20      29.8
432.30      29.5
432.40      29.5
432.50      29.3
432.60      29.1
432.70      29.1
432.80      28.8
432.90      28.8
433.00      28.6
433.10      28.3
433.20      28.1
433.30      28.1
433.40      27.8
433.50      27.8
433.60      27.6
433.70      27.4
433.80      27.1
433.90      27.1
434.00      26.9
434.10      26.9
434.20      26.6
434.30      26.4
434.40      26.1
434.50      26.1
434.60      25.9
434.70      25.6
434.80      25.6
434.90      25.4
435.00      25.2
435.10      24.9
435.20      24.9
435.30      24.7
435.40      24.7
435.50      24.4
435.60      24.2
435.70      24.2
435.80      24.2
435.90      24.2
436.00      23.7
436.10      23.4
436.20      23.2
436.30      23.0
436.40      23.0
436.50      22.7
436.60      22.5
436.70      22.5
436.80      22.2
436.90      22.0
437.00      22.0
437.10      21.7
437.20      21.5
437.30      21.5
437.40      21.2
437.50      21.0
437.60      21.0
437.70      20.8
437.80      20.8
437.90      20.5
438.00      20.3
438.10      20.3
438.20      20.3
438.30      20.0
438.40      19.8
438.50      19.8
438.60      19.5
438.70      19.5
438.80      19.3
438.90      19.0
439.00      19.0
439.10      18.8
439.20      18.6
439.30      18.6
439.40      18.3
439.50      18.3
439.60      18.1
439.70      18.1
439.80      17.8
439.90      17.6
440.00      17.6
440.10      17.6
440.20      17.3
440.30      17.3
440.40      17.1
440.50      16.8
440.60      16.8
440.70      16.6
440.80      16.6
440.90      16.4
441.00      16.4
441.10      16.1
441.20      16.1
441.30      15.9
441.40      15.9
441.50      15.6
441.60      15.6
441.70      15.4
441.80      15.4
441.90      15.1
442.00      15.1
442.10      14.9
442.20      14.9
442.30      14.7
442.40      14.7
442.50      14.4
442.60      14.4
442.70      14.4
442.80      14.2
442.90      14.2
443.00      14.2
443.10      13.9
443.20      13.9
443.30      13.7
443.40      13.7
443.50      13.7
443.60      13.4
443.70      13.4
443.80      13.4
443.90      13.2
444.00      13.2
444.10      13.2
444.20      12.9
444.30      12.9
444.40      12.9
444.50      12.7
444.60      12.7
444.70      12.7
444.80      12.7
444.90      12.5
445.00      12.5
445.10      12.5
445.20      12.5
445.30      12.2
445.40      12.2
445.50      12.2
445.60      12.2
445.70      12.0
445.80      12.0
445.90      12.0
446.00      12.0
446.10      12.0
446.20      12.0
446.30      11.7
446.40      11.7
446.50      11.7
446.60      11.7
446.70      11.7
446.80      11.5
446.90      11.5
447.00      11.5
447.10      11.5
447.20      11.5
447.30      11.2
447.40      11.2
447.50      11.2
447.60      11.2
447.70      11.2
447.80      11.2
447.90      11.0
448.00      11.0
448.10      11.0
448.20      11.0
448.30      11.0
448.40      11.0
448.50      11.0
448.60      10.7
448.70      10.7
448.80      10.7
448.90      10.7
449.00      10.7
449.10      10.7
449.20      10.7
449.30      10.7
449.40      10.5
449.50      10.5
449.60      10.5
449.70      10.5
449.80      10.5
449.90      10.5
450.00      10.5
450.10      10.5
450.20      10.5
450.30      10.5
450.40      10.5
450.50      10.3
450.60      10.3
450.70      10.3
450.80      10.3
450.90      10.3
451.00      10.3
451.10      10.3
451.20      10.3
451.30      10.3
451.40      10.3
451.50      10.3
451.60      10.3
451.70      10.3
451.80      10.3
451.90      10.0
452.00      10.0
452.10      10.0
452.20      10.0
452.30      10.0
452.40      10.0
452.50      10.0
452.60      10.0
452.70      10.0
452.80      10.0
452.90      10.0
453.00      10.0
453.10      10.0
453.20      10.0
453.30      10.0
453.40      10.0
453.50      10.0
453.60      9.8
453.70      10.0
453.80      10.0
453.90      9.8
454.00      9.8
454.10      9.8
454.20      9.8
454.30      9.8
454.40      9.8
454.50      9.8
454.60      9.8
454.70      9.8
454.80      9.8
454.90      9.8
455.00      9.8
455.10      9.8
455.20      9.8
455.30      9.8
455.40      9.8
455.50      9.8
455.60      9.8
455.70      9.8
455.80      9.8
455.90      9.8
456.00      9.8
456.10      9.8
456.20      9.5
456.30      9.5
456.40      9.5
456.50      9.5
456.60      9.5
456.70      9.5
456.80      9.5
456.90      9.5
457.00      9.5
457.10      9.5
457.20      9.5
457.30      9.5
457.40      9.5
457.50      9.5
457.60      9.5
457.70      9.5
457.80      9.5
457.90      9.5
458.00      9.5
458.10      9.5
458.20      9.5
458.30      9.5
458.40      9.5
458.50      9.5
458.60      9.5
458.70      9.5
458.80      9.5
458.90      9.5
459.00      9.5
459.10      9.5
459.20      9.3
459.30      9.5
459.40      9.5
459.50      9.3
459.60      9.5
459.70      9.3
459.80      9.3
459.90      9.3
460.00      9.3
460.10      9.3
460.20      9.5
460.30      9.3
460.40      9.3
460.50      9.3
460.60      9.3
460.70      9.3
460.80      9.3
460.90      9.3
461.00      9.3
461.10      9.3
461.20      9.3
461.30      9.3
461.40      9.3
461.50      9.3
461.60      9.3
461.70      9.3
461.80      9.3
461.90      9.3
462.00      9.3
462.10      9.3
462.20      9.3
462.30      9.3
462.40      9.3
462.50      9.3
462.60      9.3
462.70      9.3
462.80      9.3
462.90      9.3
463.00      9.3
463.10      9.3
463.20      9.3
463.30      9.3
463.40      9.3
463.50      9.3
463.60      9.3
463.70      9.3
463.80      9.3
463.90      9.3
464.00      9.3
464.10      9.3
464.20      9.3
464.30      9.3
464.40      9.3
464.50      9.3
464.60      9.3
464.70      9.3
464.80      9.3
464.90      9.3
465.00      9.3
465.10      9.3
465.20      9.3
465.30      9.3
465.40      9.3
465.50      9.3
465.60      9.3
465.70      9.3
465.80      9.3
465.90      9.3
466.00      9.3
466.10      9.3
466.20      9.3
466.30      9.3
466.40      9.3
466.50      9.3
466.60      9.3
466.70      9.3
466.80      9.3
466.90      9.3
467.00      9.3
467.10      9.3
467.20      9.3
467.30      9.3
467.40      9.3
467.50      9.3
467.60      9.3
467.70      9.3
467.80      9.3
467.90      9.3
468.00      9.3
468.10      9.3
468.20      9.3
468.30      9.3
468.40      9.3
468.50      9.3
468.60      9.3
468.70      9.3
468.80      9.3
468.90      9.3
469.00      9.3
469.10      9.3
469.20      9.3
469.30      9.3
469.40      9.3
469.50      9.3
469.60      9.3
469.70      9.3
469.80      9.3
469.90      9.3
470.00      9.3
470.10      9.3
470.20      9.3
470.30      9.3
470.40      9.3
470.50      9.3
470.60      9.3
470.70      9.3
470.80      9.3
470.90      9.3
471.00      9.3
471.10      9.3
471.20      9.3
471.30      9.3
471.40      9.3
471.50      9.3
471.60      9.3
471.70      9.3
471.80      9.3
471.90      9.3
472.00      9.3
472.10      9.3
472.20      9.3
472.30      9.3
472.40      9.3
472.50      9.3
472.60      9.3
472.70      9.3
472.80      9.3
472.90      9.3
473.00      9.3
473.10      9.3
473.20      9.3
473.30      9.3
473.40      9.3
473.50      9.3
473.60      9.3
473.70      9.3
473.80      9.3
473.90      9.3
474.00      9.3
474.10      9.3
474.20      9.3
474.30      9.3
474.40      9.3
474.50      9.3
474.60      9.3
474.70      9.3
474.80      9.3
474.90      9.3
475.00      9.3
475.10      9.3
475.20      9.3
475.30      9.3
475.40      9.3
475.50      9.3
475.60      9.3
475.70      9.3
475.80      9.3
475.90      9.3
476.00      9.3
476.10      9.3
476.20      9.3
476.30      9.3
476.40      9.3
476.50      9.3
476.60      9.3
476.70      9.3
476.80      9.3
476.90      9.3
477.00      9.3
477.10      9.3
477.20      9.3
477.30      9.3
477.40      9.3
477.50      9.3
477.60      9.3
477.70      9.3
477.80      9.3
477.90      9.3
478.00      9.3
478.10      9.5
478.20      9.3
478.30      9.3
478.40      9.5
478.50      9.5
478.60      9.5
478.70      9.5
478.80      9.5
478.90      9.5
479.00      9.5
479.10      9.3
479.20      9.5
479.30      9.5
479.40      9.5
479.50      9.5
479.60      9.5
479.70      9.5
479.80      9.5
479.90      9.5
480.00      9.5
480.10      9.5
480.20      9.5
480.30      9.5
480.40      9.5
480.50      9.5
480.60      9.5
480.70      9.5
480.80      9.5
480.90      9.5
481.00      9.5
481.10      9.5
481.20      9.5
481.30      9.5
481.40      9.5
481.50      9.5
481.60      9.5
481.70      9.5
481.80      9.8
481.90      9.8
482.00      9.8
482.10      9.8
482.20      9.8
482.30      9.8
482.40      9.8
482.50      9.8
482.60      9.8
482.70      9.8
482.80      9.8
482.90      9.8
483.00      9.8
483.10      9.8
483.20      9.8
483.30      9.8
483.40      9.8
483.50      9.8
483.60      9.8
483.70      9.8
483.80      10.0
483.90      10.0
484.00      10.0
484.10      10.0
484.20      10.0
484.30      10.0
484.40      10.0
484.50      10.0
484.60      10.0
484.70      10.0
484.80      10.0
484.90      10.0
485.00      10.0
485.10      10.0
485.20      10.3
485.30      10.0
485.40      10.3
485.50      10.3
485.60      10.3
485.70      10.3
485.80      10.3
485.90      10.3
486.00      10.3
486.10      10.3
486.20      10.3
486.30      10.3
486.40      10.3
486.50      10.3
486.60      10.5
486.70      10.5
486.80      10.5
486.90      10.5
487.00      10.5
487.10      10.5
487.20      10.5
487.30      10.5
487.40      10.5
487.50      10.5
487.60      10.7
487.70      10.7
487.80      10.7
487.90      10.7
488.00      10.7
488.10      10.7
488.20      10.7
488.30      10.7
488.40      11.0
488.50      11.0
488.60      11.0
488.70      11.0
488.80      11.0
488.90      11.0
489.00      11.2
489.10      11.2
489.20      11.2
489.30      11.2
489.40      11.2
489.50      11.2
489.60      11.5
489.70      11.5
489.80      11.5
489.90      11.5
490.00      11.5
490.10      11.5
490.20      11.7
490.30      11.7
490.40      11.7
490.50      11.7
490.60      11.7
490.70      12.0
490.80      12.0
490.90      12.0
491.00      12.0
491.10      12.2
491.20      12.2
491.30      12.2
491.40      12.2
491.50      12.2
491.60      12.2
491.70      12.5
491.80      12.5
491.90      12.5
492.00      12.7
492.10      12.7
492.20      12.7
492.30      12.7
492.40      12.7
492.50      12.9
492.60      12.9
492.70      12.9
492.80      12.9
492.90      13.2
493.00      13.2
493.10      13.2
493.20      13.4
493.30      13.4
493.40      13.4
493.50      13.7
493.60      13.7
493.70      13.7
493.80      13.9
493.90      13.9
494.00      13.9
494.10      13.9
494.20      13.9
494.30      14.2
494.40      14.2
494.50      14.2
494.60      14.4
494.70      14.4
494.80      14.4
494.90      14.7
495.00      14.7
495.10      14.7
495.20      14.9
495.30      14.9
495.40      15.1
495.50      15.1
495.60      15.4
495.70      15.4
495.80      15.4
495.90      15.6
496.00      15.6
496.10      15.6
496.20      15.9
496.30      15.9
496.40      16.1
496.50      16.1
496.60      16.4
496.70      16.4
496.80      16.6
496.90      16.6
497.00      16.8
497.10      16.8
497.20      17.1
497.30      17.1
497.40      17.1
497.50      17.3
497.60      17.6
497.70      17.6
497.80      17.8
497.90      17.8
498.00      18.1
498.10      18.1
498.20      18.3
498.30      18.6
498.40      18.6
498.50      18.8
498.60      19.0
498.70      19.0
498.80      19.3
498.90      19.5
499.00      19.8
499.10      19.8
499.20      20.0
499.30      20.0
499.40      20.3
499.50      20.5
499.60      20.5
499.70      20.8
499.80      21.0
499.90      21.2
500.00      21.2
500.10      21.5
500.20      21.5
500.30      21.7
500.40      22.0
500.50      22.2
500.60      22.5
500.70      22.5
500.80      22.7
500.90      23.0
501.00      23.2
501.10      23.2
501.20      23.4
501.30      23.7
501.40      23.9
501.50      23.9
501.60      24.2
501.70      24.4
501.80      24.7
501.90      24.7
502.00      24.9
502.10      25.2
502.20      25.4
502.30      25.6
502.40      25.9
502.50      25.9
502.60      26.1
502.70      26.4
502.80      26.6
502.90      26.9
503.00      27.1
503.10      27.1
503.20      27.6
503.30      27.6
503.40      27.8
503.50      28.1
503.60      28.3
503.70      28.6
503.80      28.8
503.90      29.1
504.00      29.3
504.10      29.5
504.20      29.5
504.30      30.0
504.40      30.3
504.50      30.5
504.60      30.8
504.70      31.0
504.80      31.3
504.90      31.5
505.00      31.7
505.10      32.0
505.20      32.2
505.30      32.5
505.40      33.0
505.50      33.0
505.60      33.5
505.70      33.7
505.80      33.9
505.90      34.2
506.00      34.4
506.10      34.9
506.20      35.2
506.30      35.4
506.40      35.9
506.50      36.1
506.60      36.4
506.70      36.6
506.80      37.1
506.90      37.4
507.00      37.6
507.10      37.9
507.20      38.3
507.30      38.6
507.40      39.1
507.50      39.3
507.60      39.6
507.70      39.8
507.80      40.3
507.90      40.5
508.00      40.8
508.10      41.0
508.20      41.5
508.30      41.8
508.40      42.0
508.50      42.5
508.60      42.7
508.70      43.2
508.80      43.5
508.90      43.7
509.00      44.0
509.10      44.2
509.20      44.7
509.30      44.9
509.40      45.2
509.50      45.4
509.60      45.9
509.70      46.2
509.80      46.6
509.90      46.9
510.00      47.1
510.10      47.6
510.20      47.9
510.30      48.1
510.40      48.4
510.50      48.8
510.60      49.1
510.70      49.3
510.80      49.6
510.90      49.8
511.00      50.3
511.10      50.5
511.20      51.0
511.30      51.3
511.40      51.5
511.50      51.8
511.60      52.3
511.70      52.5
511.80      52.7
511.90      53.2
512.00      53.5
512.10      53.7
512.20      54.0
512.30      54.5
512.40      54.7
512.50      55.2
512.60      55.4
512.70      55.9
512.80      56.2
512.90      56.7
513.00      56.9
513.10      57.4
513.20      57.6
513.30      58.1
513.40      58.4
513.50      58.9
513.60      59.1
513.70      59.6
513.80      59.8
513.90      60.3
514.00      60.6
514.10      61.1
514.20      61.5
514.30      61.8
514.40      62.3
514.50      62.8
514.60      63.0
514.70      63.5
514.80      64.0
514.90      64.2
515.00      64.7
515.10      65.2
515.20      65.4
515.30      65.7
515.40      66.2
515.50      66.7
515.60      66.9
515.70      67.4
515.80      67.6
515.90      67.9
516.00      68.4
516.10      68.6
516.20      69.1
516.30      69.6
516.40      69.8
516.50      70.3
516.60      70.6
516.70      71.1
516.80      71.3
516.90      71.6
517.00      72.0
517.10      72.5
517.20      72.8
517.30      73.0
517.40      73.3
517.50      73.7
517.60      74.0
517.70      74.5
517.80      75.0
517.90      75.2
518.00      75.5
518.10      75.7
518.20      76.2
518.30      76.4
518.40      76.7
518.50      76.9
518.60      77.4
518.70      77.7
518.80      78.1
518.90      78.4
519.00      78.6
519.10      78.9
519.20      79.1
519.30      79.6
519.40      79.9
519.50      80.1
519.60      80.3
519.70      80.8
519.80      81.1
519.90      81.3
520.00      81.8
520.10      82.3
520.20      82.3
520.30      82.5
520.40      82.8
520.50      83.3
520.60      83.8
520.70      83.8
520.80      84.2
520.90      84.5
521.00      85.0
521.10      85.2
521.20      85.7
521.30      86.0
521.40      86.2
521.50      86.7
521.60      86.9
521.70      87.4
521.80      87.7
521.90      88.2
522.00      88.4
522.10      88.9
522.20      89.1
522.30      89.6
522.40      90.1
522.50      90.4
522.60      90.6
522.70      90.8
522.80      91.3
522.90      91.8
523.00      92.1
523.10      92.3
523.20      92.8
523.30      93.0
523.40      93.3
523.50      93.8
523.60      94.0
523.70      94.3
523.80      94.7
523.90      95.0
524.00      95.2
524.10      95.7
524.20      96.0
524.30      96.2
524.40      96.5
524.50      96.7
524.60      97.2
524.70      97.7
524.80      97.9
524.90      98.2
525.00      98.4
525.10      98.7
525.20      99.1
525.30      99.4
525.40      99.6
525.50      99.9
525.60      100.1
525.70      100.4
525.80      100.6
525.90      101.1
526.00      101.3
526.10      101.6
526.20      101.8
526.30      102.1
526.40      102.3
526.50      102.6
526.60      102.8
526.70      103.1
526.80      103.3
526.90      103.5
527.00      103.8
527.10      104.0
527.20      104.3
527.30      104.5
527.40      104.8
527.50      105.0
527.60      105.3
527.70      105.5
527.80      105.7
527.90      106.0
528.00      106.2
528.10      106.5
528.20      106.5
528.30      106.7
528.40      107.0
528.50      107.4
528.60      107.7
528.70      107.9
528.80      108.2
528.90      108.4
529.00      108.7
529.10      108.9
529.20      109.2
529.30      109.6
529.40      109.9
529.50      110.1
529.60      110.4
529.70      110.6
529.80      111.1
529.90      111.1
530.00      111.6
530.10      111.8
530.20      112.1
530.30      112.3
530.40      112.6
530.50      113.1
530.60      113.3
530.70      113.6
530.80      114.0
530.90      114.0
531.00      114.3
531.10      114.8
531.20      115.0
531.30      115.3
531.40      115.5
531.50      115.8
531.60      116.0
531.70      116.5
531.80      116.7
531.90      117.0
532.00      117.2
532.10      117.5
532.20      117.9
532.30      117.9
532.40      118.2
532.50      118.4
532.60      118.7
532.70      119.2
532.80      119.2
532.90      119.4
533.00      119.7
533.10      120.1
533.20      120.1
533.30      120.4
533.40      120.9
533.50      121.1
533.60      121.1
533.70      121.4
533.80      121.9
533.90      121.9
534.00      122.1
534.10      122.3
534.20      122.6
534.30      122.8
534.40      122.8
534.50      123.3
534.60      123.3
534.70      123.6
534.80      123.8
534.90      124.1
535.00      124.3
535.10      124.5
535.20      124.8
535.30      124.8
535.40      125.0
535.50      125.3
535.60      125.3
535.70      125.5
535.80      125.8
535.90      126.0
536.00      126.3
536.10      126.5
536.20      126.5
536.30      126.7
536.40      126.7
536.50      127.0
536.60      127.5
536.70      127.5
536.80      128.0
536.90      128.0
537.00      128.4
537.10      128.4
537.20      128.7
537.30      129.2
537.40      129.2
537.50      129.4
537.60      129.7
537.70      130.2
537.80      130.2
537.90      130.4
538.00      130.6
538.10      130.9
538.20      131.4
538.30      131.4
538.40      131.9
538.50      131.9
538.60      132.1
538.70      132.6
538.80      132.8
538.90      133.1
539.00      133.3
539.10      133.6
539.20      133.8
539.30      134.1
539.40      134.3
539.50      134.8
539.60      134.8
539.70      135.3
539.80      135.5
539.90      135.5
540.00      136.0
540.10      136.0
540.20      136.3
540.30      136.8
540.40      137.0
540.50      137.2
540.60      137.5
540.70      137.7
540.80      138.0
540.90      138.2
541.00      138.5
541.10      138.7
541.20      138.7
541.30      138.9
541.40      138.9
541.50      139.2
541.60      139.7
541.70      139.9
541.80      140.2
541.90      140.4
542.00      140.7
542.10      140.9
542.20      141.1
542.30      141.4
542.40      141.6
542.50      141.6
542.60      141.9
542.70      142.1
542.80      142.4
542.90      142.4
543.00      142.6
543.10      142.9
543.20      142.9
543.30      143.1
543.40      143.3
543.50      143.6
543.60      143.6
543.70      144.1
543.80      143.8
543.90      144.6
544.00      144.6
544.10      144.6
544.20      144.8
544.30      145.1
544.40      145.5
544.50      145.5
544.60      145.3
544.70      146.0
544.80      146.3
544.90      146.5
545.00      146.8
545.10      147.0
545.20      147.3
545.30      147.5
545.40      147.7
545.50      148.0
545.60      148.5
545.70      148.7
545.80      149.0
545.90      149.5
546.00      149.7
546.10      149.7
546.20      150.2
546.30      150.4
546.40      150.7
546.50      150.9
546.60      151.2
546.70      151.6
546.80      151.9
546.90      152.1
547.00      152.6
547.10      152.9
547.20      153.1
547.30      153.6
547.40      153.6
547.50      153.8
547.60      154.3
547.70      154.6
547.80      155.1
547.90      155.1
548.00      155.6
548.10      155.8
548.20      156.0
548.30      156.3
548.40      156.8
548.50      157.0
548.60      157.3
548.70      157.8
548.80      157.5
548.90      158.0
549.00      158.2
549.10      158.7
549.20      159.0
549.30      159.2
549.40      159.5
549.50      159.7
549.60      160.0
549.70      160.2
549.80      160.4
549.90      160.7
550.00      160.9
550.10      161.2
550.20      161.4
550.30      161.9
550.40      162.1
550.50      162.4
550.60      162.6
550.70      162.9
550.80      162.9
550.90      163.1
551.00      163.4
551.10      163.6
551.20      163.9
551.30      164.1
551.40      164.3
551.50      164.3
551.60      164.8
551.70      165.1
551.80      165.6
551.90      165.8
552.00      165.8
552.10      166.3
552.20      166.3
552.30      166.8
552.40      167.0
552.50      167.3
552.60      167.5
552.70      167.8
552.80      168.3
552.90      168.3
553.00      168.7
553.10      169.0
553.20      169.5
553.30      169.7
553.40      170.0
553.50      170.5
553.60      170.5
553.70      170.9
553.80      171.2
553.90      171.4
554.00      172.2
554.10      172.4
554.20      172.6
554.30      172.9
554.40      173.6
554.50      173.9
554.60      174.1
554.70      174.6
554.80      175.1
554.90      175.3
555.00      175.8
555.10      176.1
555.20      176.6
555.30      176.8
555.40      177.3
555.50      177.5
555.60      177.8
555.70      178.3
555.80      178.5
555.90      179.0
556.00      179.2
556.10      179.7
556.20      180.2
556.30      180.5
556.40      181.0
556.50      181.2
556.60      181.4
556.70      181.7
556.80      182.4
556.90      182.4
557.00      182.9
557.10      182.9
557.20      183.6
557.30      183.9
557.40      184.4
557.50      184.6
557.60      184.9
557.70      185.3
557.80      185.6
557.90      186.1
558.00      185.8
558.10      186.3
558.20      186.3
558.30      186.3
558.40      187.3
558.50      187.8
558.60      188.3
558.70      188.5
558.80      188.3
558.90      188.3
559.00      189.3
559.10      189.3
559.20      189.7
559.30      189.7
559.40      190.2
559.50      190.7
559.60      191.2
559.70      191.5
559.80      191.2
559.90      191.9
560.00      192.2
560.10      192.7
560.20      192.9
560.30      193.2
560.40      193.2
560.50      193.7
560.60      194.4
560.70      194.6
560.80      194.9
560.90      195.4
561.00      195.8
561.10      195.8
561.20      196.6
561.30      197.1
561.40      197.8
561.50      198.0
561.60      198.3
561.70      198.8
561.80      199.3
561.90      199.8
562.00      200.0
562.10      200.2
562.20      200.7
562.30      201.2
562.40      201.7
562.50      202.2
562.60      202.4
562.70      202.9
562.80      203.4
562.90      203.7
563.00      204.4
563.10      204.4
563.20      205.1
563.30      205.6
563.40      205.4
563.50      206.1
563.60      206.8
563.70      207.1
563.80      207.8
563.90      208.1
564.00      208.3
564.10      209.3
564.20      209.5
564.30      210.0
564.40      210.5
564.50      211.0
564.60      211.2
564.70      212.0
564.80      212.0
564.90      212.9
565.00      213.4
565.10      213.4
565.20      213.9
565.30      214.4
565.40      215.1
565.50      215.4
565.60      215.9
565.70      216.1
565.80      216.4
565.90      216.4
566.00      217.1
566.10      217.1
566.20      217.3
566.30      218.1
566.40      218.1
566.50      218.3
566.60      218.6
566.70      219.3
566.80      219.5
566.90      220.3
567.00      220.8
567.10      221.0
567.20      221.5
567.30      221.7
567.40      222.0
567.50      222.2
567.60      222.7
567.70      223.2
567.80      223.7
567.90      223.9
568.00      224.4
568.10      224.7
568.20      225.4
568.30      225.6
568.40      225.9
568.50      225.9
568.60      226.9
568.70      227.4
568.80      227.8
568.90      228.1
569.00      228.1
569.10      228.6
569.20      228.8
569.30      230.0
569.40      230.3
569.50      230.8
569.60      231.3
569.70      232.0
569.80      232.2
569.90      233.2
570.00      233.5
570.10      233.9
570.20      234.4
570.30      234.9
570.40      234.9
570.50      235.7
570.60      236.4
570.70      236.9
570.80      237.1
570.90      237.9
571.00      238.6
571.10      238.8
571.20      239.3
571.30      239.8
571.40      240.0
571.50      240.8
571.60      241.3
571.70      241.8
571.80      242.2
571.90      242.7
572.00      243.2
572.10      243.7
572.20      244.2
572.30      244.7
572.40      245.2
572.50      245.7
572.60      245.9
572.70      246.4
572.80      246.9
572.90      246.9
573.00      247.6
573.10      247.9
573.20      248.6
573.30      248.8
573.40      249.1
573.50      249.8
573.60      250.1
573.70      250.5
573.80      250.5
573.90      251.3
574.00      251.8
574.10      252.3
574.20      252.7
574.30      253.2
574.40      253.2
574.50      253.7
574.60      254.0
574.70      254.0
574.80      254.7
574.90      255.2
575.00      255.2
575.10      255.7
575.20      256.2
575.30      256.4
575.40      257.1
575.50      257.4
575.60      257.6
575.70      258.4
575.80      258.4
575.90      258.6
576.00      258.9
576.10      258.9
576.20      259.1
576.30      259.8
576.40      259.8
576.50      261.3
576.60      261.5
576.70      261.3
576.80      262.5
576.90      262.5
577.00      263.2
577.10      263.2
577.20      263.7
577.30      264.2
577.40      265.0
577.50      265.4
577.60      265.7
577.70      265.7
577.80      266.2
577.90      267.4
578.00      267.9
578.10      267.9
578.20      268.6
578.30      269.1
578.40      269.8
578.50      270.6
578.60      270.3
578.70      270.8
578.80      271.8
578.90      272.0
579.00      272.5
579.10      272.5
579.20      273.3
579.30      273.5
579.40      274.0
579.50      274.5
579.60      274.5
579.70      275.5
579.80      275.5
579.90      276.2
580.00      276.7
580.10      276.9
580.20      277.7
580.30      278.6
580.40      279.1
580.50      279.4
580.60      278.9
580.70      279.6
580.80      280.1
580.90      280.6
581.00      280.6
581.10      281.1
581.20      281.8
581.30      282.1
581.40      282.8
581.50      282.8
581.60      283.3
581.70      282.8
581.80      282.8
581.90      283.8
582.00      283.3
582.10      284.2
582.20      284.7
582.30      285.0
582.40      284.7
582.50      285.5
582.60      286.0
582.70      286.0
582.80      286.7
582.90      286.7
583.00      286.9
583.10      287.4
583.20      288.2
583.30      287.9
583.40      288.2
583.50      288.2
583.60      288.4
583.70      288.6
583.80      289.1
583.90      289.1
584.00      289.1
584.10      290.1
584.20      290.4
584.30      291.3
584.40      291.3
584.50      291.6
584.60      291.8
584.70      292.3
584.80      293.0
584.90      292.6
585.00      292.8
585.10      293.5
585.20      294.0
585.30      293.5
585.40      293.8
585.50      293.5
585.60      294.5
585.70      295.2
585.80      295.0
585.90      296.0
586.00      296.5
586.10      296.0
586.20      296.2
586.30      296.9
586.40      297.2
586.50      298.2
586.60      298.2
586.70      298.9
586.80      298.9
586.90      299.4
587.00      299.6
587.10      299.9
587.20      300.9
587.30      300.6
587.40      301.3
587.50      301.1
587.60      301.3
587.70      302.6
587.80      302.3
587.90      303.1
588.00      302.6
588.10      302.8
588.20      304.0
588.30      304.0
588.40      304.0
588.50      305.0
588.60      306.0
588.70      306.0
588.80      306.5
588.90      306.2
589.00      306.5
589.10      306.7
589.20      306.7
589.30      306.7
589.40      307.2
589.50      307.2
589.60      308.4
589.70      308.2
589.80      308.2
589.90      308.4
590.00      308.2
590.10      308.7
590.20      308.7
590.30      308.4
590.40      308.7
590.50      308.4
590.60      308.4
590.70      309.4
590.80      309.6
590.90      309.9
591.00      309.9
591.10      309.2
591.20      310.1
591.30      309.4
591.40      310.1
591.50      310.6
591.60      309.9
591.70      310.1
591.80      310.4
591.90      310.4
592.00      311.1
592.10      311.1
592.20      311.4
592.30      311.6
592.40      311.1
592.50      311.8
592.60      311.8
592.70      312.1
592.80      312.6
592.90      312.3
593.00      312.1
593.10      312.8
593.20      312.6
593.30      313.1
593.40      312.8
593.50      312.8
593.60      312.3
593.70      312.3
593.80      312.8
593.90      314.0
594.00      313.6
594.10      313.6
594.20      314.0
594.30      313.6
594.40      314.5
594.50      314.8
594.60      315.3
594.70      315.3
594.80      315.5
594.90      314.5
595.00      314.5
595.10      314.8
595.20      314.5
595.30      314.8
595.40      315.5
595.50      316.7
595.60      316.2
595.70      316.2
595.80      316.7
595.90      317.0
596.00      317.2
596.10      317.5
596.20      317.5
596.30      317.0
596.40      317.5
596.50      317.5
596.60      317.0
596.70      316.7
596.80      316.0
596.90      317.2
597.00      316.7
597.10      316.5
597.20      317.0
597.30      316.7
597.40      317.0
597.50      317.9
597.60      317.5
597.70      317.9
597.80      317.2
597.90      317.0
598.00      316.7
598.10      316.7
598.20      317.0
598.30      317.7
598.40      317.2
598.50      316.2
598.60      316.2
598.70      317.0
598.80      317.5
598.90      317.5
599.00      316.7
599.10      317.7
599.20      316.7
599.30      316.7
599.40      316.7
599.50      317.5
599.60      316.7
599.70      317.2
599.80      317.0
599.90      317.0
600.00      316.7
600.10      316.7
600.20      316.0
600.30      316.5
600.40      316.2
600.50      316.0
600.60      316.0
600.70      316.5
600.80      315.5
600.90      316.0
601.00      315.8
601.10      315.5
601.20      314.8
601.30      315.5
601.40      315.0
601.50      314.8
601.60      315.3
601.70      315.8
601.80      316.0
601.90      315.8
602.00      316.0
602.10      316.2
602.20      316.0
602.30      315.5
602.40      315.8
602.50      315.3
602.60      315.8
602.70      315.5
602.80      315.8
602.90      315.8
603.00      315.5
603.10      315.0
603.20      315.3
603.30      315.3
603.40      315.0
603.50      315.0
603.60      315.0
603.70      315.0
603.80      314.5
603.90      314.3
604.00      314.0
604.10      313.3
604.20      314.3
604.30      313.3
604.40      313.6
604.50      313.3
604.60      313.8
604.70      313.1
604.80      313.6
604.90      313.3
605.00      313.3
605.10      313.1
605.20      312.8
605.30      312.6
605.40      312.6
605.50      313.1
605.60      312.8
605.70      311.8
605.80      312.3
605.90      312.6
606.00      312.1
606.10      311.8
606.20      311.8
606.30      311.4
606.40      310.6
606.50      310.4
606.60      310.4
606.70      309.9
606.80      309.9
606.90      309.9
607.00      309.4
607.10      308.9
607.20      308.9
607.30      307.7
607.40      308.2
607.50      308.4
607.60      308.2
607.70      308.2
607.80      307.4
607.90      307.2
608.00      307.7
608.10      307.0
608.20      306.5
608.30      307.0
608.40      306.7
608.50      306.2
608.60      306.2
608.70      306.0
608.80      305.3
608.90      304.5
609.00      305.0
609.10      304.5
609.20      304.5
609.30      303.8
609.40      303.8
609.50      303.8
609.60      303.1
609.70      303.1
609.80      302.8
609.90      302.6
610.00      302.1
610.10      301.8
610.20      301.1
610.30      300.4
610.40      300.6
610.50      301.1
610.60      300.6
610.70      300.9
610.80      299.9
610.90      300.4
611.00      299.9
611.10      299.4
611.20      298.9
611.30      298.7
611.40      298.2
611.50      298.7
611.60      297.9
611.70      297.7
611.80      297.7
611.90      297.4
612.00      295.7
612.10      296.0
612.20      296.5
612.30      296.5
612.40      296.2
612.50      295.7
612.60      295.7
612.70      295.2
612.80      295.2
612.90      295.0
613.00      294.0
613.10      294.0
613.20      293.5
613.30      293.5
613.40      292.6
613.50      292.8
613.60      292.8
613.70      292.3
613.80      291.8
613.90      291.6
614.00      291.1
614.10      290.4
614.20      290.4
614.30      290.1
614.40      289.4
614.50      288.6
614.60      288.6
614.70      288.6
614.80      288.4
614.90      288.2
615.00      287.9
615.10      287.4
615.20      286.9
615.30      286.4
615.40      286.2
615.50      286.0
615.60      285.5
615.70      285.5
615.80      285.5
615.90      284.5
616.00      283.8
616.10      283.8
616.20      283.0
616.30      282.8
616.40      283.3
616.50      282.5
616.60      281.8
616.70      281.6
616.80      281.3
616.90      281.1
617.00      279.9
617.10      278.6
617.20      279.1
617.30      277.9
617.40      277.9
617.50      277.4
617.60      276.7
617.70      276.9
617.80      276.4
617.90      276.4
618.00      275.9
618.10      276.2
618.20      275.5
618.30      275.2
618.40      274.5
618.50      274.5
618.60      274.0
618.70      273.5
618.80      272.8
618.90      272.3
619.00      271.8
619.10      271.6
619.20      271.3
619.30      271.3
619.40      270.8
619.50      271.1
619.60      270.3
619.70      270.1
619.80      269.6
619.90      269.4
620.00      269.1
620.10      268.4
620.20      267.9
620.30      267.9
620.40      267.4
620.50      266.4
620.60      265.7
620.70      265.7
620.80      265.4
620.90      265.0
621.00      264.2
621.10      264.5
621.20      264.2
621.30      263.5
621.40      263.5
621.50      263.0
621.60      262.5
621.70      262.3
621.80      261.8
621.90      261.1
622.00      260.6
622.10      259.6
622.20      259.6
622.30      259.1
622.40      258.4
622.50      257.9
622.60      257.6
622.70      257.4
622.80      256.4
622.90      255.7
623.00      254.7
623.10      254.9
623.20      255.2
623.30      254.0
623.40      254.2
623.50      253.7
623.60      252.7
623.70      253.0
623.80      252.5
623.90      252.0
624.00      251.8
624.10      251.8
624.20      251.3
624.30      251.0
624.40      249.8
624.50      249.6
624.60      249.1
624.70      248.8
624.80      248.6
624.90      248.4
625.00      247.9
625.10      247.6
625.20      247.1
625.30      246.6
625.40      245.9
625.50      245.2
625.60      244.7
625.70      244.4
625.80      244.4
625.90      243.5
626.00      243.0
626.10      242.7
626.20      242.5
626.30      241.8
626.40      241.8
626.50      241.3
626.60      240.8
626.70      240.3
626.80      239.8
626.90      239.6
627.00      239.1
627.10      238.3
627.20      237.9
627.30      237.1
627.40      237.1
627.50      236.9
627.60      235.9
627.70      235.9
627.80      235.4
627.90      234.4
628.00      234.7
628.10      233.7
628.20      233.7
628.30      232.5
628.40      232.7
628.50      232.2
628.60      231.7
628.70      231.5
628.80      231.0
628.90      230.3
629.00      230.0
629.10      229.1
629.20      229.3
629.30      228.3
629.40      228.1
629.50      227.8
629.60      226.9
629.70      226.6
629.80      226.1
629.90      225.6
630.00      224.9
630.10      224.7
630.20      224.4
630.30      223.7
630.40      223.4
630.50      223.0
630.60      222.0
630.70      222.0
630.80      221.5
630.90      221.0
631.00      220.3
631.10      219.5
631.20      219.3
631.30      219.3
631.40      219.0
631.50      218.3
631.60      218.1
631.70      218.1
631.80      217.3
631.90      217.3
632.00      216.6
632.10      216.4
632.20      216.1
632.30      215.6
632.40      215.4
632.50      215.1
632.60      214.4
632.70      214.2
632.80      213.7
632.90      212.9
633.00      212.5
633.10      212.2
633.20      212.0
633.30      211.2
633.40      210.7
633.50      210.0
633.60      209.3
633.70      209.3
633.80      208.5
633.90      207.8
634.00      207.6
634.10      207.1
634.20      206.8
634.30      205.9
634.40      205.4
634.50      205.4
634.60      204.9
634.70      204.4
634.80      203.9
634.90      203.4
635.00      203.2
635.10      202.7
635.20      202.4
635.30      202.0
635.40      201.5
635.50      201.0
635.60      200.2
635.70      199.5
635.80      199.3
635.90      199.0
636.00      198.0
636.10      197.8
636.20      197.3
636.30      197.1
636.40      196.3
636.50      195.8
636.60      195.6
636.70      194.6
636.80      194.1
636.90      193.2
637.00      192.9
637.10      192.7
637.20      192.9
637.30      192.4
637.40      192.2
637.50      191.5
637.60      191.0
637.70      191.0
637.80      190.0
637.90      189.3
638.00      189.0
638.10      187.8
638.20      188.5
638.30      187.5
638.40      187.1
638.50      186.3
638.60      185.3
638.70      185.1
638.80      184.6
638.90      184.6
639.00      184.1
639.10      183.6
639.20      183.6
639.30      182.9
639.40      182.4
639.50      181.9
639.60      181.2
639.70      181.0
639.80      180.7
639.90      180.2
640.00      180.0
640.10      180.0
640.20      179.7
640.30      179.2
640.40      178.8
640.50      178.0
640.60      177.8
640.70      176.8
640.80      176.3
640.90      176.6
641.00      176.3
641.10      175.6
641.20      174.6
641.30      174.6
641.40      174.4
641.50      173.9
641.60      173.9
641.70      173.1
641.80      172.6
641.90      172.4
642.00      171.7
642.10      170.9
642.20      170.9
642.30      170.0
642.40      169.5
642.50      168.7
642.60      168.7
642.70      168.7
642.80      167.8
642.90      167.5
643.00      167.5
643.10      166.8
643.20      166.3
643.30      165.3
643.40      165.3
643.50      165.3
643.60      165.1
643.70      164.3
643.80      164.3
643.90      163.6
644.00      163.1
644.10      162.9
644.20      162.4
644.30      161.7
644.40      161.4
644.50      161.2
644.60      161.2
644.70      160.4
644.80      159.7
644.90      159.0
645.00      158.5
645.10      158.5
645.20      158.5
645.30      158.0
645.40      157.5
645.50      157.5
645.60      157.0
645.70      156.8
645.80      156.0
645.90      155.3
646.00      155.1
646.10      154.8
646.20      154.3
646.30      153.6
646.40      153.6
646.50      152.6
646.60      152.4
646.70      152.4
646.80      151.9
646.90      151.4
647.00      151.2
647.10      150.4
647.20      150.9
647.30      150.2
647.40      149.9
647.50      149.2
647.60      149.0
647.70      148.7
647.80      148.2
647.90      148.2
648.00      147.5
648.10      147.3
648.20      146.5
648.30      145.8
648.40      145.5
648.50      145.5
648.60      146.0
648.70      145.1
648.80      144.8
648.90      144.3
649.00      144.1
649.10      144.1
649.20      143.3
649.30      142.6
649.40      142.4
649.50      141.6
649.60      141.4
649.70      141.4
649.80      140.7
649.90      140.4
650.00      140.4
