300.00      7.3
300.10      7.3
300.20      7.3
300.30      7.3
300.40      7.2
300.50      7.2
300.60      7.2
300.70      7.2
300.80      7.1
300.90      7.1
301.00      7.1
301.10      7.1
301.20      7.1
301.30      7.1
301.40      7.1
301.50      7.1
301.60      7.1
301.70      7.1
301.80      7.1
301.90      7.1
302.00      7.1
302.10      7.1
302.20      7.1
302.30      7.1
302.40      7.1
302.50      7.1
302.60      7.1
302.70      7.1
302.80      7.1
302.90      7.1
303.00      7.1
303.10      7.1
303.20      7.1
303.30      7.2
303.40      7.2
303.50      7.2
303.60      7.2
303.70      7.3
303.80      7.3
303.90      7.3
304.00      7.3
304.10      7.3
304.20      7.3
304.30      7.3
304.40      7.3
304.50      7.3
304.60      7.3
304.70      7.3
304.80      7.3
304.90      7.3
305.00      7.3
305.10      7.3
305.20      7.3
305.30      7.3
305.40      7.2
305.50      7.2
305.60      7.2
305.70      7.2
305.80      7.1
305.90      7.1
306.00      7.1
306.10      7.1
306.20      7.1
306.30      7.1
306.40      7.1
306.50      7.1
306.60      7.1
306.70      7.1
306.80      7.1
306.90      7.1
307.00      7.1
307.10      7.1
307.20      7.1
307.30      7.1
307.40      7.1
307.50      7.1
307.60      7.1
307.70      7.1
307.80      7.1
307.90      7.1
308.00      7.1
308.10      7.1
308.20      7.1
308.30      7.1
308.40      7.1
308.50      7.1
308.60      7.1
308.70      7.1
308.80      7.1
308.90      7.1
309.00      7.1
309.10      7.1
309.20      7.1
309.30      7.1
309.40      7.1
309.50      7.1
309.60      7.1
309.70      7.1
309.80      7.1
309.90      7.1
310.00      7.1
310.10      7.1
310.20      7.1
310.30      7.1
310.40      7.1
310.50      7.1
310.60      7.1
310.70      7.1
310.80      7.1
310.90      7.1
311.00      7.1
311.10      7.1
311.20      7.1
311.30      7.1
311.40      7.1
311.50      7.1
311.60      7.1
311.70      7.1
311.80      7.1
311.90      7.1
312.00      7.1
312.10      7.1
312.20      7.1
312.30      7.1
312.40      7.1
312.50      7.1
312.60      7.1
312.70      7.1
312.80      7.1
312.90      7.1
313.00      7.1
313.10      7.1
313.20      7.1
313.30      7.1
313.40      7.1
313.50      7.1
313.60      7.1
313.70      7.1
313.80      7.1
313.90      7.1
314.00      7.1
314.10      7.1
314.20      7.1
314.30      7.1
314.40      7.1
314.50      7.1
314.60      7.1
314.70      7.1
314.80      7.1
314.90      7.1
315.00      7.1
315.10      7.1
315.20      7.1
315.30      7.1
315.40      7.1
315.50      7.1
315.60      7.1
315.70      7.1
315.80      7.1
315.90      7.1
316.00      7.1
316.10      7.1
316.20      7.1
316.30      7.1
316.40      7.1
316.50      7.1
316.60      7.1
316.70      7.1
316.80      7.1
316.90      7.1
317.00      7.1
317.10      7.1
317.20      7.1
317.30      7.1
317.40      7.1
317.50      7.1
317.60      7.1
317.70      7.1
317.80      7.1
317.90      7.1
318.00      7.1
318.10      7.1
318.20      7.1
318.30      7.1
318.40      7.1
318.50      7.1
318.60      7.1
318.70      7.1
318.80      7.1
318.90      7.1
319.00      7.1
319.10      7.1
319.20      7.1
319.30      7.1
319.40      7.1
319.50      7.1
319.60      7.1
319.70      7.1
319.80      7.1
319.90      7.1
320.00      7.1
320.10      7.1
320.20      7.1
320.30      7.1
320.40      7.1
320.50      7.1
320.60      7.1
320.70      7.1
320.80      7.1
320.90      7.1
321.00      7.1
321.10      7.1
321.20      7.1
321.30      7.1
321.40      7.1
321.50      7.1
321.60      7.1
321.70      7.1
321.80      7.1
321.90      7.1
322.00      7.1
322.10      7.1
322.20      7.1
322.30      7.1
322.40      7.1
322.50      7.1
322.60      7.1
322.70      7.1
322.80      7.1
322.90      7.1
323.00      7.1
323.10      7.1
323.20      7.1
323.30      7.1
323.40      7.1
323.50      7.1
323.60      7.1
323.70      7.1
323.80      7.1
323.90      7.1
324.00      7.1
324.10      7.1
324.20      7.1
324.30      7.1
324.40      7.1
324.50      7.1
324.60      7.1
324.70      7.1
324.80      7.1
324.90      7.1
325.00      7.1
325.10      7.1
325.20      7.1
325.30      7.1
325.40      7.1
325.50      7.1
325.60      7.1
325.70      7.1
325.80      7.1
325.90      7.1
326.00      7.1
326.10      7.1
326.20      7.1
326.30      7.1
326.40      7.1
326.50      7.1
326.60      7.1
326.70      7.1
326.80      7.1
326.90      7.1
327.00      7.1
327.10      7.1
327.20      7.1
327.30      7.1
327.40      7.1
327.50      7.1
327.60      7.1
327.70      7.1
327.80      7.1
327.90      7.1
328.00      7.1
328.10      7.1
328.20      7.1
328.30      7.1
328.40      7.1
328.50      7.1
328.60      7.1
328.70      7.1
328.80      7.1
328.90      7.1
329.00      7.1
329.10      7.1
329.20      7.1
329.30      7.1
329.40      7.1
329.50      7.1
329.60      7.1
329.70      7.1
329.80      7.1
329.90      7.1
330.00      7.1
330.10      7.1
330.20      7.1
330.30      7.1
330.40      7.1
330.50      7.1
330.60      7.1
330.70      7.1
330.80      7.1
330.90      7.1
331.00      7.1
331.10      7.1
331.20      7.1
331.30      7.1
331.40      7.1
331.50      7.1
331.60      7.1
331.70      7.1
331.80      7.1
331.90      7.1
332.00      7.1
332.10      7.1
332.20      7.1
332.30      7.1
332.40      7.1
332.50      7.1
332.60      7.1
332.70      7.1
332.80      7.1
332.90      7.1
333.00      7.1
333.10      7.1
333.20      7.1
333.30      7.1
333.40      7.1
333.50      7.1
333.60      7.1
333.70      7.1
333.80      7.1
333.90      7.1
334.00      7.1
334.10      7.1
334.20      7.1
334.30      7.1
334.40      7.1
334.50      7.1
334.60      7.1
334.70      7.1
334.80      7.1
334.90      7.1
335.00      7.1
335.10      7.1
335.20      7.1
335.30      7.1
335.40      7.1
335.50      7.1
335.60      7.1
335.70      7.1
335.80      7.1
335.90      7.1
336.00      7.1
336.10      7.1
336.20      7.1
336.30      7.1
336.40      7.1
336.50      7.1
336.60      7.1
336.70      7.1
336.80      7.1
336.90      7.1
337.00      7.1
337.10      7.1
337.20      7.1
337.30      7.1
337.40      7.1
337.50      7.1
337.60      7.1
337.70      7.1
337.80      7.1
337.90      7.1
338.00      7.1
338.10      7.1
338.20      7.1
338.30      7.1
338.40      7.1
338.50      7.1
338.60      7.1
338.70      7.1
338.80      7.1
338.90      7.1
339.00      7.1
339.10      7.1
339.20      7.1
339.30      7.1
339.40      7.1
339.50      7.1
339.60      7.1
339.70      7.1
339.80      7.1
339.90      7.1
340.00      7.1
340.10      7.1
340.20      7.1
340.30      7.1
340.40      7.1
340.50      7.1
340.60      7.1
340.70      7.1
340.80      7.1
340.90      7.1
341.00      7.1
341.10      7.1
341.20      7.1
341.30      7.1
341.40      7.1
341.50      7.1
341.60      7.1
341.70      7.1
341.80      7.1
341.90      7.1
342.00      7.1
342.10      7.1
342.20      7.1
342.30      7.1
342.40      7.1
342.50      7.1
342.60      7.1
342.70      7.1
342.80      7.1
342.90      7.1
343.00      7.1
343.10      7.1
343.20      7.1
343.30      7.1
343.40      7.1
343.50      7.1
343.60      7.1
343.70      7.1
343.80      7.1
343.90      7.1
344.00      7.1
344.10      7.1
344.20      7.1
344.30      7.1
344.40      7.1
344.50      7.1
344.60      7.1
344.70      7.1
344.80      7.1
344.90      7.1
345.00      7.1
345.10      7.1
345.20      7.1
345.30      7.1
345.40      7.1
345.50      7.1
345.60      7.1
345.70      7.1
345.80      7.1
345.90      7.1
346.00      7.1
346.10      7.1
346.20      7.1
346.30      7.1
346.40      7.1
346.50      7.1
346.60      7.1
346.70      7.1
346.80      7.1
346.90      7.1
347.00      7.1
347.10      7.1
347.20      7.1
347.30      7.1
347.40      7.1
347.50      7.1
347.60      7.1
347.70      7.1
347.80      7.1
347.90      7.1
348.00      7.1
348.10      7.1
348.20      7.1
348.30      7.1
348.40      7.1
348.50      7.1
348.60      7.1
348.70      7.1
348.80      7.1
348.90      7.1
349.00      7.1
349.10      7.1
349.20      7.1
349.30      7.1
349.40      7.1
349.50      7.1
349.60      7.1
349.70      7.1
349.80      7.1
349.90      7.1
350.00      7.1
350.10      7.1
350.20      7.1
350.30      7.1
350.40      7.1
350.50      7.1
350.60      7.1
350.70      7.1
350.80      7.1
350.90      7.1
351.00      7.1
351.10      7.1
351.20      7.1
351.30      7.1
351.40      7.1
351.50      7.1
351.60      7.1
351.70      7.1
351.80      7.1
351.90      7.1
352.00      7.1
352.10      7.1
352.20      7.1
352.30      7.1
352.40      7.1
352.50      7.1
352.60      7.1
352.70      7.1
352.80      7.1
352.90      7.1
353.00      7.1
353.10      7.1
353.20      7.1
353.30      7.1
353.40      7.1
353.50      7.1
353.60      7.1
353.70      7.1
353.80      7.1
353.90      7.1
354.00      7.1
354.10      7.1
354.20      7.1
354.30      7.1
354.40      7.1
354.50      7.1
354.60      7.1
354.70      7.1
354.80      7.1
354.90      7.1
355.00      7.1
355.10      7.1
355.20      7.1
355.30      7.1
355.40      7.1
355.50      7.1
355.60      7.1
355.70      7.1
355.80      7.1
355.90      7.1
356.00      7.1
356.10      7.1
356.20      7.1
356.30      7.1
356.40      7.1
356.50      7.1
356.60      7.1
356.70      7.1
356.80      7.1
356.90      7.1
357.00      7.1
357.10      7.1
357.20      7.1
357.30      7.1
357.40      7.1
357.50      7.1
357.60      7.1
357.70      7.1
357.80      7.1
357.90      7.1
358.00      7.1
358.10      7.1
358.20      7.1
358.30      7.1
358.40      7.1
358.50      7.1
358.60      7.1
358.70      7.1
358.80      7.1
358.90      7.1
359.00      7.1
359.10      7.1
359.20      7.1
359.30      7.1
359.40      7.1
359.50      7.1
359.60      7.1
359.70      7.1
359.80      7.1
359.90      7.1
360.00      7.1
360.10      7.1
360.20      7.1
360.30      7.1
360.40      7.1
360.50      7.1
360.60      7.1
360.70      7.1
360.80      7.1
360.90      7.1
361.00      7.1
361.10      7.1
361.20      7.1
361.30      7.1
361.40      7.1
361.50      7.1
361.60      7.1
361.70      7.1
361.80      7.1
361.90      7.1
362.00      7.1
362.10      7.1
362.20      7.1
362.30      7.1
362.40      7.1
362.50      7.1
362.60      7.1
362.70      7.1
362.80      7.1
362.90      7.1
363.00      7.1
363.10      7.1
363.20      7.1
363.30      7.1
363.40      7.1
363.50      7.1
363.60      7.1
363.70      7.1
363.80      7.1
363.90      7.1
364.00      7.1
364.10      7.1
364.20      7.1
364.30      7.1
364.40      7.1
364.50      7.1
364.60      7.1
364.70      7.1
364.80      7.1
364.90      7.1
365.00      7.1
365.10      7.1
365.20      7.1
365.30      7.1
365.40      7.1
365.50      7.1
365.60      7.1
365.70      7.1
365.80      7.1
365.90      7.1
366.00      7.1
366.10      7.1
366.20      7.1
366.30      7.1
366.40      7.1
366.50      7.1
366.60      7.1
366.70      7.1
366.80      7.1
366.90      7.1
367.00      7.1
367.10      7.1
367.20      7.1
367.30      7.1
367.40      7.1
367.50      7.1
367.60      7.1
367.70      7.1
367.80      7.1
367.90      7.1
368.00      7.1
368.10      7.1
368.20      7.1
368.30      7.1
368.40      7.1
368.50      7.1
368.60      7.1
368.70      7.1
368.80      7.1
368.90      7.1
369.00      7.1
369.10      7.1
369.20      7.1
369.30      7.1
369.40      7.1
369.50      7.1
369.60      7.1
369.70      7.1
369.80      7.1
369.90      7.1
370.00      7.1
370.10      7.1
370.20      7.1
370.30      7.1
370.40      7.1
370.50      7.1
370.60      7.1
370.70      7.1
370.80      7.1
370.90      7.1
371.00      7.1
371.10      7.1
371.20      7.1
371.30      7.1
371.40      7.1
371.50      7.1
371.60      7.1
371.70      7.1
371.80      7.1
371.90      7.1
372.00      7.1
372.10      7.1
372.20      7.1
372.30      7.1
372.40      7.1
372.50      7.1
372.60      7.1
372.70      7.1
372.80      7.1
372.90      7.1
373.00      7.1
373.10      7.1
373.20      7.1
373.30      7.1
373.40      7.1
373.50      7.1
373.60      7.1
373.70      7.1
373.80      7.1
373.90      7.1
374.00      7.1
374.10      7.1
374.20      7.1
374.30      7.1
374.40      7.1
374.50      7.1
374.60      7.1
374.70      7.1
374.80      7.1
374.90      7.1
375.00      7.1
375.10      7.1
375.20      7.1
375.30      7.2
375.40      7.2
375.50      7.2
375.60      7.2
375.70      7.3
375.80      7.3
375.90      7.3
376.00      7.3
376.10      7.3
376.20      7.3
376.30      7.3
376.40      7.3
376.50      7.3
376.60      7.3
376.70      7.3
376.80      7.3
376.90      7.3
377.00      7.3
377.10      7.4
377.20      7.4
377.30      7.4
377.40      7.4
377.50      7.4
377.60      7.5
377.70      7.5
377.80      7.5
377.90      7.5
378.00      7.6
378.10      7.6
378.20      7.6
378.30      7.6
378.40      7.7
378.50      7.7
378.60      7.7
378.70      7.7
378.80      7.8
378.90      7.8
379.00      7.8
379.10      7.9
379.20      7.9
379.30      8.0
379.40      8.0
379.50      8.1
379.60      8.1
379.70      8.2
379.80      8.2
379.90      8.3
380.00      8.3
380.10      8.4
380.20      8.4
380.30      8.4
380.40      8.5
380.50      8.5
380.60      8.6
380.70      8.6
380.80      8.7
380.90      8.7
381.00      8.8
381.10      8.9
381.20      9.0
381.30      9.2
381.40      9.3
381.50      9.4
381.60      9.5
381.70      9.6
381.80      9.8
381.90      9.9
382.00      10.0
382.10      10.2
382.20      10.4
382.30      10.5
382.40      10.7
382.50      10.9
382.60      11.0
382.70      11.2
382.80      11.4
382.90      11.6
383.00      11.7
383.10      12.0
383.20      12.3
383.30      12.5
383.40      12.8
383.50      13.1
383.60      13.3
383.70      13.6
383.80      13.9
383.90      14.1
384.00      14.4
384.10      14.8
384.20      15.2
384.30      15.7
384.40      16.1
384.50      16.5
384.60      16.9
384.70      17.3
384.80      17.7
384.90      18.1
385.00      18.6
385.10      19.2
385.20      19.8
385.30      20.4
385.40      21.0
385.50      21.6
385.60      22.2
385.70      22.8
385.80      23.4
385.90      24.1
386.00      24.7
386.10      25.5
386.20      26.3
386.30      27.2
386.40      28.0
386.50      28.8
386.60      29.6
386.70      30.5
386.80      31.3
386.90      32.1
387.00      33.0
387.10      34.1
387.20      35.3
387.30      36.4
387.40      37.6
387.50      38.7
387.60      39.9
387.70      41.0
387.80      42.1
387.90      43.3
388.00      44.4
388.10      46.0
388.20      47.5
388.30      49.0
388.40      50.5
388.50      52.0
388.60      53.5
388.70      55.0
388.80      56.6
388.90      58.1
389.00      59.6
389.10      61.5
389.20      63.4
389.30      65.4
389.40      67.3
389.50      69.2
389.60      71.2
389.70      73.1
389.80      75.0
389.90      76.9
390.00      78.9
390.10      81.5
390.20      84.1
390.30      86.6
390.40      89.2
390.50      91.8
390.60      94.4
390.70      97.0
390.80      99.6
390.90      102.2
391.00      104.8
391.10      108.2
391.20      111.7
391.30      115.2
391.40      118.6
391.50      122.1
391.60      125.6
391.70      129.0
391.80      132.5
391.90      136.0
392.00      139.4
392.10      143.9
392.20      148.3
392.30      152.8
392.40      157.2
392.50      161.7
392.60      166.1
392.70      170.5
392.80      175.0
392.90      179.4
393.00      183.9
393.10      189.1
393.20      194.4
393.30      199.6
393.40      204.9
393.50      210.1
393.60      215.4
393.70      220.6
393.80      225.9
393.90      231.1
394.00      236.4
394.10      242.1
394.20      247.9
394.30      253.7
394.40      259.4
394.50      265.2
394.60      271.0
394.70      276.7
394.80      282.5
394.90      288.3
395.00      294.0
395.10      299.6
395.20      305.3
395.30      310.9
395.40      316.5
395.50      322.1
395.60      327.7
395.70      333.3
395.80      338.9
395.90      344.6
396.00      350.2
396.10      355.4
396.20      360.5
396.30      365.7
396.40      370.9
396.50      376.1
396.60      381.2
396.70      386.4
396.80      391.6
396.90      396.8
397.00      402.0
397.10      405.8
397.20      409.7
397.30      413.5
397.40      417.4
397.50      421.2
397.60      425.1
397.70      429.0
397.80      432.8
397.90      436.7
398.00      440.5
398.10      442.3
398.20      444.1
398.30      445.9
398.40      447.7
398.50      449.5
398.60      451.2
398.70      453.0
398.80      454.8
398.90      456.6
399.00      458.4
399.10      457.9
399.20      457.4
399.30      456.9
399.40      456.4
399.50      455.9
399.60      455.4
399.70      454.9
399.80      454.5
399.90      454.0
400.00      440.5
400.00      440.5
400.10      438.1
400.20      435.7
400.30      431.5
400.40      427.8
400.50      425.2
400.60      421.0
400.70      417.1
400.80      413.7
400.90      409.8
401.00      404.9
401.10      401.2
401.20      396.3
401.30      391.2
401.40      387.5
401.50      382.7
401.60      377.0
401.70      372.4
401.80      367.5
401.90      363.1
402.00      358.2
402.10      353.4
402.20      348.2
402.30      343.6
402.40      338.7
402.50      333.3
402.60      328.4
402.70      323.8
402.80      319.7
402.90      314.8
403.00      309.6
403.10      304.5
403.20      299.6
403.30      295.2
403.40      290.6
403.50      286.9
403.60      282.1
403.70      277.4
403.80      273.0
403.90      268.6
404.00      264.7
404.10      260.8
404.20      256.2
404.30      252.3
404.40      248.8
404.50      244.9
404.60      241.5
404.70      238.3
404.80      234.9
404.90      231.3
405.00      227.8
405.10      224.2
405.20      221.2
405.30      218.1
405.40      214.7
405.50      212.0
405.60      209.0
405.70      206.1
405.80      203.4
405.90      201.0
406.00      198.3
406.10      195.6
406.20      193.2
406.30      190.5
406.40      188.0
406.50      185.6
406.60      183.4
406.70      181.2
406.80      179.0
406.90      176.8
407.00      174.6
407.10      172.4
407.20      170.7
407.30      168.5
407.40      166.5
407.50      164.6
407.60      162.6
407.70      160.9
407.80      158.7
407.90      156.8
408.00      154.8
408.10      153.1
408.20      151.2
408.30      149.2
408.40      147.5
408.50      145.8
408.60      143.8
408.70      142.6
408.80      140.7
408.90      138.7
409.00      137.2
409.10      135.5
409.20      133.6
409.30      132.1
409.40      130.4
409.50      128.7
409.60      127.0
409.70      125.5
409.80      123.8
409.90      122.3
410.00      120.6
410.10      119.2
410.20      117.5
410.30      116.0
410.40      114.5
410.50      113.3
410.60      111.8
410.70      110.1
410.80      108.4
410.90      107.0
411.00      105.7
411.10      104.0
411.20      102.6
411.30      101.3
411.40      99.9
411.50      98.7
411.60      96.9
411.70      95.7
411.80      94.5
411.90      93.3
412.00      91.8
412.10      90.6
412.20      89.1
412.30      87.7
412.40      86.7
412.50      85.2
412.60      83.8
412.70      82.5
412.80      81.3
412.90      80.1
413.00      78.9
413.10      77.7
413.20      76.4
413.30      75.0
413.40      74.0
413.50      72.8
413.60      71.6
413.70      70.6
413.80      69.4
413.90      68.4
414.00      67.4
414.10      66.4
414.20      65.2
414.30      64.2
414.40      63.2
414.50      62.3
414.60      61.3
414.70      60.6
414.80      59.6
414.90      58.6
415.00      57.6
415.10      56.9
415.20      55.9
415.30      54.9
415.40      54.2
415.50      53.2
415.60      52.5
415.70      51.8
415.80      51.0
415.90      50.1
416.00      49.3
416.10      48.6
416.20      47.9
416.30      47.1
416.40      46.4
416.50      45.7
416.60      44.9
416.70      44.4
416.80      43.7
416.90      43.0
417.00      42.5
417.10      41.8
417.20      41.3
417.30      40.5
417.40      40.3
417.50      39.6
417.60      39.3
417.70      38.6
417.80      38.1
417.90      37.6
418.00      37.1
418.10      36.9
418.20      36.4
418.30      35.9
418.40      35.4
418.50      35.2
418.60      34.7
418.70      34.2
418.80      33.9
418.90      33.7
419.00      33.2
419.10      33.0
419.20      32.5
419.30      32.2
419.40      31.7
419.50      31.5
419.60      31.3
419.70      31.0
419.80      30.5
419.90      30.3
420.00      30.0
420.10      29.8
420.20      29.5
420.30      29.3
420.40      29.1
420.50      28.6
420.60      28.3
420.70      28.1
420.80      27.8
420.90      27.6
421.00      27.4
421.10      27.1
421.20      26.9
421.30      26.6
421.40      26.4
421.50      26.1
421.60      25.9
421.70      25.6
421.80      25.4
421.90      25.2
422.00      24.9
422.10      24.7
422.20      24.7
422.30      24.4
422.40      24.2
422.50      23.9
422.60      23.7
422.70      23.4
422.80      23.2
422.90      23.0
423.00      22.7
423.10      22.7
423.20      22.5
423.30      22.2
423.40      22.0
423.50      21.7
423.60      21.5
423.70      21.5
423.80      21.2
423.90      21.0
424.00      20.8
424.10      20.5
424.20      20.5
424.30      20.3
424.40      20.0
424.50      19.8
424.60      19.5
424.70      19.5
424.80      19.3
424.90      19.0
425.00      18.8
425.10      18.6
425.20      18.6
425.30      18.3
425.40      18.1
425.50      17.8
425.60      17.6
425.70      17.6
425.80      17.3
425.90      17.3
426.00      17.1
426.10      16.8
426.20      16.6
426.30      16.6
426.40      16.4
426.50      16.1
426.60      16.1
426.70      15.9
426.80      15.9
426.90      15.6
427.00      15.6
427.10      15.4
427.20      15.1
427.30      15.1
427.40      14.9
427.50      14.9
427.60      14.7
427.70      14.7
427.80      14.4
427.90      14.2
428.00      14.2
428.10      14.2
428.20      13.9
428.30      13.9
428.40      13.7
428.50      13.7
428.60      13.4
428.70      13.4
428.80      13.4
428.90      13.2
429.00      13.2
429.10      12.9
429.20      12.9
429.30      12.9
429.40      12.7
429.50      12.7
429.60      12.7
429.70      12.7
429.80      12.5
429.90      12.5
430.00      12.2
430.10      12.2
430.20      12.2
430.30      12.2
430.40      12.0
430.50      12.0
430.60      12.0
430.70      11.7
430.80      11.7
430.90      11.7
431.00      11.5
431.10      11.5
431.20      11.5
431.30      11.2
431.40      11.2
431.50      11.2
431.60      11.2
431.70      11.0
431.80      11.0
431.90      11.0
432.00      11.0
432.10      11.0
432.20      10.7
432.30      10.7
432.40      10.7
432.50      10.7
432.60      10.5
432.70      10.5
432.80      10.5
432.90      10.5
433.00      10.5
433.10      10.3
433.20      10.3
433.30      10.3
433.40      10.3
433.50      10.3
433.60      10.0
433.70      10.0
433.80      10.0
433.90      10.0
434.00      10.0
434.10      10.0
434.20      9.8
434.30      9.8
434.40      9.8
434.50      9.8
434.60      9.8
434.70      9.8
434.80      9.8
434.90      9.5
435.00      9.5
435.10      9.5
435.20      9.5
435.30      9.5
435.40      9.5
435.50      9.5
435.60      9.5
435.70      9.5
435.80      9.3
435.90      9.3
436.00      9.3
436.10      9.3
436.20      9.3
436.30      9.3
436.40      9.3
436.50      9.3
436.60      9.3
436.70      9.0
436.80      9.0
436.90      9.0
437.00      9.0
437.10      9.0
437.20      9.0
437.30      9.0
437.40      9.0
437.50      9.0
437.60      8.8
437.70      8.8
437.80      8.8
437.90      8.8
438.00      8.8
438.10      8.8
438.20      8.8
438.30      8.8
438.40      8.8
438.50      8.8
438.60      8.8
438.70      8.8
438.80      8.5
438.90      8.5
439.00      8.5
439.10      8.5
439.20      8.5
439.30      8.5
439.40      8.5
439.50      8.5
439.60      8.5
439.70      8.5
439.80      8.5
439.90      8.3
440.00      8.3
440.10      8.3
440.20      8.3
440.30      8.3
440.40      8.3
440.50      8.3
440.60      8.3
440.70      8.3
440.80      8.3
440.90      8.3
441.00      8.3
441.10      8.3
441.20      8.3
441.30      8.3
441.40      8.1
441.50      8.1
441.60      8.1
441.70      8.1
441.80      8.1
441.90      8.1
442.00      8.1
442.10      8.1
442.20      8.1
442.30      8.1
442.40      8.1
442.50      8.1
442.60      8.1
442.70      8.1
442.80      8.1
442.90      8.1
443.00      8.1
443.10      8.1
443.20      8.1
443.30      7.8
443.40      7.8
443.50      7.8
443.60      7.8
443.70      7.8
443.80      7.8
443.90      7.8
444.00      7.8
444.10      7.8
444.20      7.8
444.30      7.8
444.40      7.8
444.50      7.8
444.60      7.8
444.70      7.8
444.80      7.8
444.90      7.8
445.00      7.8
445.10      7.8
445.20      7.8
445.30      7.6
445.40      7.8
445.50      7.6
445.60      7.8
445.70      7.6
445.80      7.6
445.90      7.6
446.00      7.6
446.10      7.6
446.20      7.6
446.30      7.6
446.40      7.6
446.50      7.6
446.60      7.6
446.70      7.6
446.80      7.6
446.90      7.6
447.00      7.6
447.10      7.6
447.20      7.6
447.30      7.6
447.40      7.6
447.50      7.6
447.60      7.6
447.70      7.6
447.80      7.6
447.90      7.6
448.00      7.6
448.10      7.6
448.20      7.6
448.30      7.6
448.40      7.6
448.50      7.6
448.60      7.6
448.70      7.6
448.80      7.6
448.90      7.6
449.00      7.6
449.10      7.6
449.20      7.3
449.30      7.6
449.40      7.3
449.50      7.3
449.60      7.3
449.70      7.3
449.80      7.3
449.90      7.3
450.00      7.3
450.10      7.3
450.20      7.3
450.30      7.3
450.40      7.3
450.50      7.3
450.60      7.3
450.70      7.3
450.80      7.3
450.90      7.3
451.00      7.3
451.10      7.3
451.20      7.3
451.30      7.3
451.40      7.3
451.50      7.3
451.60      7.3
451.70      7.3
451.80      7.3
451.90      7.3
452.00      7.3
452.10      7.3
452.20      7.3
452.30      7.3
452.40      7.3
452.50      7.3
452.60      7.3
452.70      7.3
452.80      7.3
452.90      7.3
453.00      7.3
453.10      7.3
453.20      7.3
453.30      7.3
453.40      7.3
453.50      7.3
453.60      7.3
453.70      7.3
453.80      7.3
453.90      7.3
454.00      7.3
454.10      7.3
454.20      7.3
454.30      7.3
454.40      7.3
454.50      7.3
454.60      7.3
454.70      7.3
454.80      7.3
454.90      7.3
455.00      7.3
455.10      7.3
455.20      7.3
455.30      7.3
455.40      7.3
455.50      7.3
455.60      7.3
455.70      7.3
455.80      7.3
455.90      7.3
456.00      7.3
456.10      7.3
456.20      7.3
456.30      7.3
456.40      7.3
456.50      7.1
456.60      7.1
456.70      7.3
456.80      7.1
456.90      7.3
457.00      7.1
457.10      7.1
457.20      7.1
457.30      7.1
457.40      7.1
457.50      7.1
457.60      7.3
457.70      7.1
457.80      7.1
457.90      7.3
458.00      7.1
458.10      7.1
458.20      7.1
458.30      7.1
458.40      7.1
458.50      7.1
458.60      7.1
458.70      7.1
458.80      7.1
458.90      7.1
459.00      7.1
459.10      7.1
459.20      7.1
459.30      7.1
459.40      7.1
459.50      7.1
459.60      7.1
459.70      7.1
459.80      7.1
459.90      7.1
460.00      7.1
460.10      7.1
460.20      7.1
460.30      7.1
460.40      7.1
460.50      7.1
460.60      7.1
460.70      7.1
460.80      7.1
460.90      7.1
461.00      7.1
461.10      7.1
461.20      7.1
461.30      7.1
461.40      7.1
461.50      7.1
461.60      7.1
461.70      7.1
461.80      7.1
461.90      7.1
462.00      7.1
462.10      7.1
462.20      7.1
462.30      7.1
462.40      7.1
462.50      7.1
462.60      7.1
462.70      7.1
462.80      7.1
462.90      7.1
463.00      7.1
463.10      7.1
463.20      7.1
463.30      7.1
463.40      7.1
463.50      7.1
463.60      7.1
463.70      7.1
463.80      7.1
463.90      7.1
464.00      7.1
464.10      7.1
464.20      7.1
464.30      7.1
464.40      7.1
464.50      7.1
464.60      7.1
464.70      7.1
464.80      7.1
464.90      7.1
465.00      7.1
465.10      7.1
465.20      7.1
465.30      7.1
465.40      7.1
465.50      7.1
465.60      7.1
465.70      7.1
465.80      7.1
465.90      7.1
466.00      7.1
466.10      7.1
466.20      7.1
466.30      7.1
466.40      7.1
466.50      7.1
466.60      7.1
466.70      7.1
466.80      7.1
466.90      7.1
467.00      7.1
467.10      7.1
467.20      7.1
467.30      7.1
467.40      7.1
467.50      7.1
467.60      7.1
467.70      7.1
467.80      7.1
467.90      7.1
468.00      7.1
468.10      7.1
468.20      7.1
468.30      7.1
468.40      7.1
468.50      7.1
468.60      7.1
468.70      7.1
468.80      7.1
468.90      7.1
469.00      7.1
469.10      7.1
469.20      7.1
469.30      7.1
469.40      7.1
469.50      7.1
469.60      7.1
469.70      7.1
469.80      7.1
469.90      7.1
470.00      7.1
470.10      7.1
470.20      7.1
470.30      7.1
470.40      7.1
470.50      7.1
470.60      7.1
470.70      7.1
470.80      7.1
470.90      7.1
471.00      7.1
471.10      7.1
471.20      7.1
471.30      7.1
471.40      7.1
471.50      7.1
471.60      7.1
471.70      7.1
471.80      7.1
471.90      7.1
472.00      7.1
472.10      7.1
472.20      7.1
472.30      7.1
472.40      7.1
472.50      7.1
472.60      7.1
472.70      7.1
472.80      7.1
472.90      7.1
473.00      7.1
473.10      7.1
473.20      7.1
473.30      7.1
473.40      7.1
473.50      7.1
473.60      7.1
473.70      7.1
473.80      7.1
473.90      7.1
474.00      7.1
474.10      7.1
474.20      7.1
474.30      7.1
474.40      7.1
474.50      7.1
474.60      7.1
474.70      7.1
474.80      7.1
474.90      7.1
475.00      7.1
475.10      7.1
475.20      7.1
475.30      7.1
475.40      7.1
475.50      7.1
475.60      7.1
475.70      7.1
475.80      7.1
475.90      7.1
476.00      7.1
476.10      7.1
476.20      7.1
476.30      7.1
476.40      7.1
476.50      7.1
476.60      7.1
476.70      7.1
476.80      7.1
476.90      7.1
477.00      7.1
477.10      7.1
477.20      7.1
477.30      7.1
477.40      7.1
477.50      7.1
477.60      7.1
477.70      7.1
477.80      7.1
477.90      7.1
478.00      7.1
478.10      7.1
478.20      7.1
478.30      7.1
478.40      7.1
478.50      7.1
478.60      7.1
478.70      7.1
478.80      7.1
478.90      7.1
479.00      7.1
479.10      7.1
479.20      7.1
479.30      7.1
479.40      7.1
479.50      7.1
479.60      7.1
479.70      7.1
479.80      7.1
479.90      7.1
480.00      7.1
480.10      7.1
480.20      7.1
480.30      7.1
480.40      7.1
480.50      7.1
480.60      7.1
480.70      7.1
480.80      7.1
480.90      7.1
481.00      7.1
481.10      7.1
481.20      7.1
481.30      7.1
481.40      7.1
481.50      7.1
481.60      7.1
481.70      7.1
481.80      7.1
481.90      7.1
482.00      7.1
482.10      7.1
482.20      7.1
482.30      7.1
482.40      7.1
482.50      7.1
482.60      7.1
482.70      7.1
482.80      7.1
482.90      7.1
483.00      7.1
483.10      7.1
483.20      7.1
483.30      7.1
483.40      7.1
483.50      7.1
483.60      7.1
483.70      7.1
483.80      7.1
483.90      7.1
484.00      7.1
484.10      7.1
484.20      7.1
484.30      7.1
484.40      7.1
484.50      7.1
484.60      7.1
484.70      7.1
484.80      7.1
484.90      7.1
485.00      7.1
485.10      7.1
485.20      7.1
485.30      7.1
485.40      7.1
485.50      7.1
485.60      7.1
485.70      7.1
485.80      7.1
485.90      7.1
486.00      7.1
486.10      7.1
486.20      7.1
486.30      7.1
486.40      7.1
486.50      7.1
486.60      7.1
486.70      7.1
486.80      7.1
486.90      7.1
487.00      7.1
487.10      7.1
487.20      7.1
487.30      7.1
487.40      7.1
487.50      7.1
487.60      7.1
487.70      7.1
487.80      7.1
487.90      7.1
488.00      7.1
488.10      7.1
488.20      7.1
488.30      7.1
488.40      7.1
488.50      7.1
488.60      7.1
488.70      7.1
488.80      7.1
488.90      7.1
489.00      7.1
489.10      7.1
489.20      7.1
489.30      7.1
489.40      7.1
489.50      7.1
489.60      7.1
489.70      7.1
489.80      7.1
489.90      7.1
490.00      7.1
490.10      7.1
490.20      7.1
490.30      7.1
490.40      7.1
490.50      7.1
490.60      7.1
490.70      7.1
490.80      7.1
490.90      7.1
491.00      7.1
491.10      7.1
491.20      7.1
491.30      7.1
491.40      7.1
491.50      7.1
491.60      7.1
491.70      7.1
491.80      7.1
491.90      7.1
492.00      7.1
492.10      7.1
492.20      7.1
492.30      7.1
492.40      7.1
492.50      7.1
492.60      7.1
492.70      7.1
492.80      7.1
492.90      7.1
493.00      7.1
493.10      7.1
493.20      7.1
493.30      7.1
493.40      7.1
493.50      7.1
493.60      7.1
493.70      7.1
493.80      7.1
493.90      7.1
494.00      7.1
494.10      7.1
494.20      7.1
494.30      7.1
494.40      7.1
494.50      7.1
494.60      7.1
494.70      7.1
494.80      7.1
494.90      7.1
495.00      7.1
495.10      7.1
495.20      7.1
495.30      7.1
495.40      7.1
495.50      7.1
495.60      7.1
495.70      7.1
495.80      7.1
495.90      7.1
496.00      7.1
496.10      7.1
496.20      7.1
496.30      7.1
496.40      7.1
496.50      7.1
496.60      7.1
496.70      7.1
496.80      7.1
496.90      7.1
497.00      7.1
497.10      7.1
497.20      7.1
497.30      7.1
497.40      7.1
497.50      7.1
497.60      7.1
497.70      7.1
497.80      7.1
497.90      7.1
498.00      7.1
498.10      7.1
498.20      7.1
498.30      7.1
498.40      7.1
498.50      7.1
498.60      7.1
498.70      7.1
498.80      7.1
498.90      7.1
499.00      7.1
499.10      7.1
499.20      7.1
499.30      7.1
499.40      7.1
499.50      7.1
499.60      7.1
499.70      7.1
499.80      7.1
499.90      7.1
500.00      7.1
500.10      7.1
500.20      7.1
500.30      7.1
500.40      7.1
500.50      7.1
500.60      7.1
500.70      7.1
500.80      7.1
500.90      7.1
501.00      7.1
501.10      7.1
501.20      7.1
501.30      7.1
501.40      7.1
501.50      7.1
501.60      7.1
501.70      7.1
501.80      7.1
501.90      7.1
502.00      7.1
502.10      7.1
502.20      7.1
502.30      7.1
502.40      7.1
502.50      7.1
502.60      7.1
502.70      7.1
502.80      7.1
502.90      7.1
503.00      7.1
503.10      7.1
503.20      7.1
503.30      7.1
503.40      7.1
503.50      7.1
503.60      7.1
503.70      7.1
503.80      7.1
503.90      7.1
504.00      7.1
504.10      7.1
504.20      7.1
504.30      7.1
504.40      7.1
504.50      7.1
504.60      7.1
504.70      7.1
504.80      7.1
504.90      7.1
505.00      7.1
505.10      7.1
505.20      7.1
505.30      7.1
505.40      7.1
505.50      7.1
505.60      7.1
505.70      7.1
505.80      7.1
505.90      7.1
506.00      7.1
506.10      7.1
506.20      7.1
506.30      7.1
506.40      7.1
506.50      7.1
506.60      7.1
506.70      7.1
506.80      7.1
506.90      7.1
507.00      7.1
507.10      7.1
507.20      7.1
507.30      7.1
507.40      7.1
507.50      7.1
507.60      7.1
507.70      7.1
507.80      7.1
507.90      7.1
508.00      7.1
508.10      7.1
508.20      7.1
508.30      7.1
508.40      7.1
508.50      7.1
508.60      7.1
508.70      7.1
508.80      7.1
508.90      7.1
509.00      7.1
509.10      7.1
509.20      7.1
509.30      7.1
509.40      7.1
509.50      7.1
509.60      7.1
509.70      7.1
509.80      7.1
509.90      7.1
510.00      7.1
510.10      7.1
510.20      7.1
510.30      7.1
510.40      7.1
510.50      7.1
510.60      7.1
510.70      7.1
510.80      7.1
510.90      7.1
511.00      7.1
511.10      7.1
511.20      7.1
511.30      7.1
511.40      7.1
511.50      7.1
511.60      7.1
511.70      7.1
511.80      7.1
511.90      7.1
512.00      7.1
512.10      7.1
512.20      7.1
512.30      7.1
512.40      7.1
512.50      7.1
512.60      7.1
512.70      7.1
512.80      7.1
512.90      7.1
513.00      7.1
513.10      7.1
513.20      7.1
513.30      7.1
513.40      7.1
513.50      7.1
513.60      7.1
513.70      7.1
513.80      7.1
513.90      7.1
514.00      7.1
514.10      7.1
514.20      7.1
514.30      7.1
514.40      7.1
514.50      7.1
514.60      7.1
514.70      7.1
514.80      7.1
514.90      7.1
515.00      7.1
515.10      7.1
515.20      7.1
515.30      7.1
515.40      7.1
515.50      7.1
515.60      7.1
515.70      7.1
515.80      7.1
515.90      7.1
516.00      7.1
516.10      7.1
516.20      7.1
516.30      7.1
516.40      7.1
516.50      7.1
516.60      7.1
516.70      7.1
516.80      7.1
516.90      7.1
517.00      7.1
517.10      7.1
517.20      7.1
517.30      7.1
517.40      7.1
517.50      7.1
517.60      7.1
517.70      7.1
517.80      7.1
517.90      7.1
518.00      7.1
518.10      7.1
518.20      7.1
518.30      7.1
518.40      7.1
518.50      7.1
518.60      7.1
518.70      7.1
518.80      7.1
518.90      7.1
519.00      7.1
519.10      7.1
519.20      7.1
519.30      7.1
519.40      7.1
519.50      7.1
519.60      7.1
519.70      7.1
519.80      7.1
519.90      7.1
520.00      7.1
520.10      7.1
520.20      7.1
520.30      7.1
520.40      7.1
520.50      7.1
520.60      7.1
520.70      7.1
520.80      7.1
520.90      7.1
521.00      7.1
521.10      7.1
521.20      7.1
521.30      7.1
521.40      7.1
521.50      7.1
521.60      7.1
521.70      7.1
521.80      7.1
521.90      7.1
522.00      7.1
522.10      7.1
522.20      7.1
522.30      7.1
522.40      7.1
522.50      7.1
522.60      7.1
522.70      7.1
522.80      7.1
522.90      7.1
523.00      7.1
523.10      7.1
523.20      7.1
523.30      7.1
523.40      7.1
523.50      7.1
523.60      7.1
523.70      7.1
523.80      7.1
523.90      7.1
524.00      7.1
524.10      7.1
524.20      7.1
524.30      7.1
524.40      7.1
524.50      7.1
524.60      7.1
524.70      7.1
524.80      7.1
524.90      7.1
525.00      7.1
525.10      7.1
525.20      7.1
525.30      7.1
525.40      7.1
525.50      7.1
525.60      7.1
525.70      7.1
525.80      7.1
525.90      7.1
526.00      7.1
526.10      7.1
526.20      7.1
526.30      7.1
526.40      7.1
526.50      7.1
526.60      7.1
526.70      7.1
526.80      7.1
526.90      7.1
527.00      7.1
527.10      7.1
527.20      7.1
527.30      7.1
527.40      7.1
527.50      7.1
527.60      7.1
527.70      7.1
527.80      7.1
527.90      7.1
528.00      7.1
528.10      7.1
528.20      7.1
528.30      7.1
528.40      7.1
528.50      7.1
528.60      7.1
528.70      7.1
528.80      7.1
528.90      7.1
529.00      7.1
529.10      7.1
529.20      7.1
529.30      7.1
529.40      7.1
529.50      7.1
529.60      7.1
529.70      7.1
529.80      7.1
529.90      7.1
530.00      7.1
530.10      7.1
530.20      7.1
530.30      7.1
530.40      7.1
530.50      7.1
530.60      7.1
530.70      7.1
530.80      7.1
530.90      7.1
531.00      7.1
531.10      7.1
531.20      7.1
531.30      7.1
531.40      7.1
531.50      7.1
531.60      7.1
531.70      7.1
531.80      7.1
531.90      7.1
532.00      7.1
532.10      7.1
532.20      7.1
532.30      7.1
532.40      7.1
532.50      7.1
532.60      7.1
532.70      7.1
532.80      7.1
532.90      7.1
533.00      7.1
533.10      7.1
533.20      7.1
533.30      7.1
533.40      7.1
533.50      7.1
533.60      7.1
533.70      7.1
533.80      7.1
533.90      7.1
534.00      7.1
534.10      7.1
534.20      7.1
534.30      7.1
534.40      7.1
534.50      7.1
534.60      7.1
534.70      7.1
534.80      7.1
534.90      7.1
535.00      7.1
535.10      7.1
535.20      7.1
535.30      7.1
535.40      7.1
535.50      7.1
535.60      7.1
535.70      7.1
535.80      7.1
535.90      7.1
536.00      7.1
536.10      7.1
536.20      7.1
536.30      7.1
536.40      7.1
536.50      7.1
536.60      7.1
536.70      7.1
536.80      7.1
536.90      7.1
537.00      7.1
537.10      7.1
537.20      7.1
537.30      7.1
537.40      7.1
537.50      7.1
537.60      7.1
537.70      7.1
537.80      7.1
537.90      7.1
538.00      7.1
538.10      7.1
538.20      7.1
538.30      7.1
538.40      7.1
538.50      7.1
538.60      7.1
538.70      7.1
538.80      7.1
538.90      7.1
539.00      7.1
539.10      7.1
539.20      7.1
539.30      7.1
539.40      7.1
539.50      7.1
539.60      7.1
539.70      7.1
539.80      7.1
539.90      7.1
540.00      7.1
540.10      7.1
540.20      7.1
540.30      7.1
540.40      7.1
540.50      7.1
540.60      7.1
540.70      7.1
540.80      7.1
540.90      7.1
541.00      7.1
541.10      7.1
541.20      7.1
541.30      7.1
541.40      7.1
541.50      7.1
541.60      7.1
541.70      7.1
541.80      7.1
541.90      7.1
542.00      7.1
542.10      7.1
542.20      7.1
542.30      7.1
542.40      7.1
542.50      7.1
542.60      7.1
542.70      7.1
542.80      7.1
542.90      7.1
543.00      7.1
543.10      7.1
543.20      7.1
543.30      7.1
543.40      7.1
543.50      7.1
543.60      7.1
543.70      7.1
543.80      7.1
543.90      7.1
544.00      7.1
544.10      7.1
544.20      7.1
544.30      7.1
544.40      7.1
544.50      7.1
544.60      7.1
544.70      7.1
544.80      7.1
544.90      7.1
545.00      7.1
545.10      7.1
545.20      7.1
545.30      7.1
545.40      7.1
545.50      7.1
545.60      7.1
545.70      7.1
545.80      7.1
545.90      7.1
546.00      7.1
546.10      7.1
546.20      7.1
546.30      7.1
546.40      7.1
546.50      7.1
546.60      7.1
546.70      7.1
546.80      7.1
546.90      7.1
547.00      7.1
547.10      7.1
547.20      7.1
547.30      7.1
547.40      7.1
547.50      7.1
547.60      7.1
547.70      7.1
547.80      7.1
547.90      7.1
548.00      7.1
548.10      7.1
548.20      7.1
548.30      7.1
548.40      7.1
548.50      7.1
548.60      7.1
548.70      7.1
548.80      7.1
548.90      7.1
549.00      7.1
549.10      7.1
549.20      7.1
549.30      7.1
549.40      7.1
549.50      7.1
549.60      7.1
549.70      7.1
549.80      7.1
549.90      7.1
550.00      7.1
550.10      7.1
550.20      7.1
550.30      7.1
550.40      7.1
550.50      7.1
550.60      7.1
550.70      7.1
550.80      7.1
550.90      7.1
551.00      7.1
551.10      7.1
551.20      7.1
551.30      7.1
551.40      7.1
551.50      7.1
551.60      7.1
551.70      7.1
551.80      7.1
551.90      7.1
552.00      7.1
552.10      7.1
552.20      7.1
552.30      7.1
552.40      7.1
552.50      7.1
552.60      7.1
552.70      7.1
552.80      7.1
552.90      7.1
553.00      7.1
553.10      7.1
553.20      7.1
553.30      7.1
553.40      7.1
553.50      7.1
553.60      7.1
553.70      7.1
553.80      7.1
553.90      7.1
554.00      7.1
554.10      7.1
554.20      7.1
554.30      7.1
554.40      7.1
554.50      7.1
554.60      7.1
554.70      7.1
554.80      7.1
554.90      7.1
555.00      7.1
555.10      7.1
555.20      7.1
555.30      7.1
555.40      7.1
555.50      7.1
555.60      7.1
555.70      7.1
555.80      7.1
555.90      7.1
556.00      7.1
556.10      7.1
556.20      7.1
556.30      7.1
556.40      7.1
556.50      7.1
556.60      7.1
556.70      7.1
556.80      7.1
556.90      7.1
557.00      7.1
557.10      7.1
557.20      7.1
557.30      7.1
557.40      7.1
557.50      7.1
557.60      7.1
557.70      7.1
557.80      7.1
557.90      7.1
558.00      7.1
558.10      7.1
558.20      7.1
558.30      7.1
558.40      7.1
558.50      7.1
558.60      7.1
558.70      7.1
558.80      7.1
558.90      7.1
559.00      7.1
559.10      7.1
559.20      7.1
559.30      7.1
559.40      7.1
559.50      7.1
559.60      7.1
559.70      7.1
559.80      7.1
559.90      7.1
560.00      7.1
560.10      7.1
560.20      7.1
560.30      7.1
560.40      7.1
560.50      7.1
560.60      7.1
560.70      7.1
560.80      7.1
560.90      7.1
561.00      7.1
561.10      7.1
561.20      7.1
561.30      7.1
561.40      7.1
561.50      7.1
561.60      7.1
561.70      7.1
561.80      7.1
561.90      7.1
562.00      7.1
562.10      7.1
562.20      7.1
562.30      7.1
562.40      7.1
562.50      7.1
562.60      7.1
562.70      7.1
562.80      7.1
562.90      7.1
563.00      7.1
563.10      7.1
563.20      7.1
563.30      7.1
563.40      7.1
563.50      7.1
563.60      7.1
563.70      7.1
563.80      7.1
563.90      7.1
564.00      7.1
564.10      7.1
564.20      7.1
564.30      7.1
564.40      7.1
564.50      7.1
564.60      7.1
564.70      7.1
564.80      7.1
564.90      7.1
565.00      7.1
565.10      7.1
565.20      7.1
565.30      7.1
565.40      7.1
565.50      7.1
565.60      7.1
565.70      7.1
565.80      7.1
565.90      7.1
566.00      7.1
566.10      7.1
566.20      7.1
566.30      7.1
566.40      7.1
566.50      7.1
566.60      7.1
566.70      7.1
566.80      7.1
566.90      7.1
567.00      7.1
567.10      7.1
567.20      7.1
567.30      7.1
567.40      7.1
567.50      7.1
567.60      7.1
567.70      7.1
567.80      7.1
567.90      7.1
568.00      7.1
568.10      7.1
568.20      7.1
568.30      7.1
568.40      7.1
568.50      7.1
568.60      7.1
568.70      7.1
568.80      7.1
568.90      7.1
569.00      7.1
569.10      7.1
569.20      7.1
569.30      7.1
569.40      7.1
569.50      7.1
569.60      7.1
569.70      7.1
569.80      7.1
569.90      7.1
570.00      7.1
570.10      7.1
570.20      7.1
570.30      7.1
570.40      7.1
570.50      7.1
570.60      7.1
570.70      7.1
570.80      7.1
570.90      7.1
571.00      7.1
571.10      7.1
571.20      7.1
571.30      7.1
571.40      7.1
571.50      7.1
571.60      7.1
571.70      7.1
571.80      7.1
571.90      7.1
572.00      7.1
572.10      7.1
572.20      7.1
572.30      7.1
572.40      7.1
572.50      7.1
572.60      7.1
572.70      7.1
572.80      7.1
572.90      7.1
573.00      7.1
573.10      7.1
573.20      7.1
573.30      7.1
573.40      7.1
573.50      7.1
573.60      7.1
573.70      7.1
573.80      7.1
573.90      7.1
574.00      7.1
574.10      7.1
574.20      7.1
574.30      7.1
574.40      7.1
574.50      7.1
574.60      7.1
574.70      7.1
574.80      7.1
574.90      7.1
575.00      7.1
575.10      7.1
575.20      7.1
575.30      7.1
575.40      7.1
575.50      7.1
575.60      7.1
575.70      7.1
575.80      7.1
575.90      7.1
576.00      7.1
576.10      7.1
576.20      7.1
576.30      7.1
576.40      7.1
576.50      7.1
576.60      7.1
576.70      7.1
576.80      7.1
576.90      7.1
577.00      7.1
577.10      7.1
577.20      7.1
577.30      7.1
577.40      7.1
577.50      7.1
577.60      7.1
577.70      7.1
577.80      7.1
577.90      7.1
578.00      7.1
578.10      7.1
578.20      7.1
578.30      7.1
578.40      7.1
578.50      7.1
578.60      7.1
578.70      7.1
578.80      7.1
578.90      7.1
579.00      7.1
579.10      7.1
579.20      7.1
579.30      7.1
579.40      7.1
579.50      7.1
579.60      7.1
579.70      7.1
579.80      7.1
579.90      7.1
580.00      7.1
580.10      7.1
580.20      7.1
580.30      7.1
580.40      7.1
580.50      7.1
580.60      7.1
580.70      7.1
580.80      7.1
580.90      7.1
581.00      7.1
581.10      7.1
581.20      7.1
581.30      7.1
581.40      7.1
581.50      7.1
581.60      7.1
581.70      7.1
581.80      7.1
581.90      7.1
582.00      7.1
582.10      7.1
582.20      7.1
582.30      7.1
582.40      7.1
582.50      7.1
582.60      7.1
582.70      7.1
582.80      7.1
582.90      7.1
583.00      7.1
583.10      7.1
583.20      7.1
583.30      7.1
583.40      7.1
583.50      7.1
583.60      7.1
583.70      7.1
583.80      7.1
583.90      7.1
584.00      7.1
584.10      7.1
584.20      7.1
584.30      7.1
584.40      7.1
584.50      7.1
584.60      7.1
584.70      7.1
584.80      7.1
584.90      7.1
585.00      7.1
585.10      7.1
585.20      7.1
585.30      7.1
585.40      7.1
585.50      7.1
585.60      7.1
585.70      7.1
585.80      7.1
585.90      7.1
586.00      7.1
586.10      7.1
586.20      7.1
586.30      7.1
586.40      7.1
586.50      7.1
586.60      7.1
586.70      7.1
586.80      7.1
586.90      7.1
587.00      7.1
587.10      7.1
587.20      7.1
587.30      7.1
587.40      7.1
587.50      7.1
587.60      7.1
587.70      7.1
587.80      7.1
587.90      7.1
588.00      7.1
588.10      7.1
588.20      7.1
588.30      7.1
588.40      7.1
588.50      7.1
588.60      7.1
588.70      7.1
588.80      7.1
588.90      7.1
589.00      7.1
589.10      7.1
589.20      7.1
589.30      7.1
589.40      7.1
589.50      7.1
589.60      7.1
589.70      7.1
589.80      7.1
589.90      7.1
590.00      7.1
590.10      7.1
590.20      7.1
590.30      7.1
590.40      7.1
590.50      7.1
590.60      7.1
590.70      7.1
590.80      7.1
590.90      7.1
591.00      7.1
591.10      7.1
591.20      7.1
591.30      7.1
591.40      7.1
591.50      7.1
591.60      7.1
591.70      7.1
591.80      7.1
591.90      7.1
592.00      7.1
592.10      7.1
592.20      7.1
592.30      7.1
592.40      7.1
592.50      7.1
592.60      7.1
592.70      7.1
592.80      7.1
592.90      7.1
593.00      7.1
593.10      7.1
593.20      7.1
593.30      7.1
593.40      7.1
593.50      7.1
593.60      7.1
593.70      7.1
593.80      7.1
593.90      7.1
594.00      7.1
594.10      7.1
594.20      7.1
594.30      7.1
594.40      7.1
594.50      7.1
594.60      7.1
594.70      7.1
594.80      7.1
594.90      7.1
595.00      7.1
595.10      7.1
595.20      7.1
595.30      7.1
595.40      7.1
595.50      7.1
595.60      7.1
595.70      7.1
595.80      7.1
595.90      7.1
596.00      7.1
596.10      7.1
596.20      7.1
596.30      7.1
596.40      7.1
596.50      7.1
596.60      7.1
596.70      7.1
596.80      7.1
596.90      7.1
597.00      7.1
597.10      7.1
597.20      7.1
597.30      7.1
597.40      7.1
597.50      7.1
597.60      7.1
597.70      7.1
597.80      7.1
597.90      7.1
598.00      7.1
598.10      7.1
598.20      7.1
598.30      7.1
598.40      7.1
598.50      7.1
598.60      7.1
598.70      7.1
598.80      7.1
598.90      7.1
599.00      7.1
599.10      7.1
599.20      7.1
599.30      7.1
599.40      7.1
599.50      7.1
599.60      7.1
599.70      7.1
599.80      7.1
599.90      7.1
600.00      7.1
600.10      7.1
600.20      7.1
600.30      7.1
600.40      7.1
600.50      7.1
600.60      7.1
600.70      7.1
600.80      7.1
600.90      7.1
601.00      7.1
601.10      7.1
601.20      7.1
601.30      7.1
601.40      7.1
601.50      7.1
601.60      7.1
601.70      7.1
601.80      7.1
601.90      7.1
602.00      7.1
602.10      7.1
602.20      7.1
602.30      7.1
602.40      7.1
602.50      7.1
602.60      7.1
602.70      7.1
602.80      7.1
602.90      7.1
603.00      7.1
603.10      7.1
603.20      7.1
603.30      7.1
603.40      7.1
603.50      7.1
603.60      7.1
603.70      7.1
603.80      6.8
603.90      7.1
604.00      7.1
604.10      7.1
604.20      7.1
604.30      7.1
604.40      7.1
604.50      7.1
604.60      7.1
604.70      7.1
604.80      7.1
604.90      7.1
605.00      7.1
605.10      7.1
605.20      7.1
605.30      7.1
605.40      7.1
605.50      7.1
605.60      7.1
605.70      7.1
605.80      7.1
605.90      7.1
606.00      7.1
606.10      7.1
606.20      7.1
606.30      7.1
606.40      7.1
606.50      7.1
606.60      7.1
606.70      7.1
606.80      7.1
606.90      7.1
607.00      7.1
607.10      7.1
607.20      7.1
607.30      7.1
607.40      7.1
607.50      7.1
607.60      7.1
607.70      7.1
607.80      7.1
607.90      7.1
608.00      7.1
608.10      7.1
608.20      7.1
608.30      7.1
608.40      7.1
608.50      7.1
608.60      7.1
608.70      7.1
608.80      7.1
608.90      7.1
609.00      7.1
609.10      7.1
609.20      7.1
609.30      7.1
609.40      7.1
609.50      7.1
609.60      7.1
609.70      7.1
609.80      7.1
609.90      7.1
610.00      7.1
610.10      7.1
610.20      7.1
610.30      7.1
610.40      7.1
610.50      7.1
610.60      7.1
610.70      7.1
610.80      7.1
610.90      7.1
611.00      7.1
611.10      7.1
611.20      7.1
611.30      7.1
611.40      7.1
611.50      7.1
611.60      7.1
611.70      7.1
611.80      7.1
611.90      7.1
612.00      7.1
612.10      7.1
612.20      7.1
612.30      7.1
612.40      7.1
612.50      7.1
612.60      7.1
612.70      7.1
612.80      7.1
612.90      7.1
613.00      7.1
613.10      7.1
613.20      7.1
613.30      7.1
613.40      7.1
613.50      7.1
613.60      7.1
613.70      7.1
613.80      7.1
613.90      7.1
614.00      7.1
614.10      7.1
614.20      7.1
614.30      7.1
614.40      7.1
614.50      7.1
614.60      7.1
614.70      7.1
614.80      7.1
614.90      7.1
615.00      7.1
615.10      7.1
615.20      7.1
615.30      7.1
615.40      7.1
615.50      7.1
615.60      7.1
615.70      7.1
615.80      7.1
615.90      7.1
616.00      7.1
616.10      7.1
616.20      7.1
616.30      6.8
616.40      7.1
616.50      7.1
616.60      7.1
616.70      7.1
616.80      7.1
616.90      7.1
617.00      7.1
617.10      7.1
617.20      7.1
617.30      7.1
617.40      7.1
617.50      7.1
617.60      7.1
617.70      7.1
617.80      7.1
617.90      7.1
618.00      7.1
618.10      7.1
618.20      7.1
618.30      7.1
618.40      7.1
618.50      7.1
618.60      7.1
618.70      7.1
618.80      7.1
618.90      7.1
619.00      7.1
619.10      7.1
619.20      7.1
619.30      7.1
619.40      7.1
619.50      7.1
619.60      7.1
619.70      7.1
619.80      7.1
619.90      7.1
620.00      7.1
620.10      7.1
620.20      7.1
620.30      7.1
620.40      7.1
620.50      7.1
620.60      7.1
620.70      7.1
620.80      7.1
620.90      7.1
621.00      7.1
621.10      7.1
621.20      7.1
621.30      7.1
621.40      7.1
621.50      7.1
621.60      7.1
621.70      7.1
621.80      7.1
621.90      7.1
622.00      7.1
622.10      7.1
622.20      7.1
622.30      7.1
622.40      7.1
622.50      7.1
622.60      7.1
622.70      7.1
622.80      7.1
622.90      7.1
623.00      7.1
623.10      7.1
623.20      7.1
623.30      7.1
623.40      7.1
623.50      7.1
623.60      7.1
623.70      7.1
623.80      7.1
623.90      7.1
624.00      7.1
624.10      7.1
624.20      7.1
624.30      7.1
624.40      7.1
624.50      7.1
624.60      7.1
624.70      7.1
624.80      7.1
624.90      7.1
625.00      7.1
625.10      7.1
625.20      7.1
625.30      7.1
625.40      7.1
625.50      7.1
625.60      7.1
625.70      7.1
625.80      7.1
625.90      7.1
626.00      7.1
626.10      7.1
626.20      7.1
626.30      7.1
626.40      7.1
626.50      7.1
626.60      7.1
626.70      7.1
626.80      7.1
626.90      7.1
627.00      7.1
627.10      7.1
627.20      7.1
627.30      7.1
627.40      7.1
627.50      7.1
627.60      7.1
627.70      7.1
627.80      7.1
627.90      7.1
628.00      7.1
628.10      7.1
628.20      7.1
628.30      7.1
628.40      7.1
628.50      7.1
628.60      7.1
628.70      7.1
628.80      7.1
628.90      7.1
629.00      7.1
629.10      7.1
629.20      7.1
629.30      7.1
629.40      7.1
629.50      7.1
629.60      7.1
629.70      7.1
629.80      7.1
629.90      7.1
630.00      7.1
630.10      7.1
630.20      6.8
630.30      7.1
630.40      7.1
630.50      6.8
630.60      7.1
630.70      7.1
630.80      7.1
630.90      7.1
631.00      7.1
631.10      7.1
631.20      7.1
631.30      7.1
631.40      7.1
631.50      7.1
631.60      7.1
631.70      7.1
631.80      7.1
631.90      7.1
632.00      6.8
632.10      7.1
632.20      7.1
632.30      7.1
632.40      7.1
632.50      7.1
632.60      7.1
632.70      7.1
632.80      7.1
632.90      6.8
633.00      7.1
633.10      7.1
633.20      7.1
633.30      7.1
633.40      7.1
633.50      6.8
633.60      7.1
633.70      7.1
633.80      7.1
633.90      7.1
634.00      7.1
634.10      7.1
634.20      7.1
634.30      7.1
634.40      7.1
634.50      7.1
634.60      7.1
634.70      7.1
634.80      7.1
634.90      7.1
635.00      7.1
635.10      7.1
635.20      7.1
635.30      7.1
635.40      7.1
635.50      7.1
635.60      7.1
635.70      7.1
635.80      7.1
635.90      7.1
636.00      7.1
636.10      7.1
636.20      7.1
636.30      7.1
636.40      7.1
636.50      7.1
636.60      7.1
636.70      7.1
636.80      7.1
636.90      7.1
637.00      6.8
637.10      7.1
637.20      7.1
637.30      7.1
637.40      7.1
637.50      7.1
637.60      7.1
637.70      7.1
637.80      7.1
637.90      7.1
638.00      7.1
638.10      7.1
638.20      7.1
638.30      7.1
638.40      7.1
638.50      7.1
638.60      7.1
638.70      7.1
638.80      7.1
638.90      7.1
639.00      7.1
639.10      7.1
639.20      7.1
639.30      7.1
639.40      7.1
639.50      7.1
639.60      7.1
639.70      7.1
639.80      7.1
639.90      7.1
640.00      7.1
640.10      7.1
640.20      7.1
640.30      7.1
640.40      7.1
640.50      7.1
640.60      7.1
640.70      7.1
640.80      7.1
640.90      7.1
641.00      7.1
641.10      7.1
641.20      7.1
641.30      7.1
641.40      7.1
641.50      7.1
641.60      7.1
641.70      7.1
641.80      7.1
641.90      7.1
642.00      7.1
642.10      7.1
642.20      7.1
642.30      7.1
642.40      7.1
642.50      7.1
642.60      7.1
642.70      7.1
642.80      6.8
642.90      7.1
643.00      7.1
643.10      7.1
643.20      7.1
643.30      7.1
643.40      7.1
643.50      7.1
643.60      7.1
643.70      7.1
643.80      7.1
643.90      7.1
644.00      7.1
644.10      7.1
644.20      7.1
644.30      7.1
644.40      6.8
644.50      7.1
644.60      6.8
644.70      7.1
644.80      7.1
644.90      7.1
645.00      7.1
645.10      7.1
645.20      7.1
645.30      7.1
645.40      7.1
645.50      7.1
645.60      7.1
645.70      7.1
645.80      7.1
645.90      7.1
646.00      7.1
646.10      7.1
646.20      7.1
646.30      7.1
646.40      7.1
646.50      7.1
646.60      7.1
646.70      7.1
646.80      7.1
646.90      7.1
647.00      7.1
647.10      7.1
647.20      7.1
647.30      7.1
647.40      7.1
647.50      7.1
647.60      7.1
647.70      7.1
647.80      7.1
647.90      7.1
648.00      7.1
648.10      7.1
648.20      7.1
648.30      7.1
648.40      7.1
648.50      7.1
648.60      7.1
648.70      7.1
648.80      6.8
648.90      7.1
649.00      7.1
649.10      7.1
649.20      7.1
649.30      7.1
649.40      7.1
649.50      7.1
649.60      7.1
649.70      7.1
649.80      7.1
649.90      7.1
650.00      7.1
