300.00      7.3
300.10      7.3
300.20      7.3
300.30      7.3
300.40      7.2
300.50      7.2
300.60      7.2
300.70      7.2
300.80      7.1
300.90      7.1
301.00      7.1
301.10      7.1
301.20      7.1
301.30      7.1
301.40      7.1
301.50      7.1
301.60      7.1
301.70      7.1
301.80      7.1
301.90      7.1
302.00      7.1
302.10      7.1
302.20      7.1
302.30      7.1
302.40      7.1
302.50      7.1
302.60      7.1
302.70      7.1
302.80      7.1
302.90      7.1
303.00      7.1
303.10      7.1
303.20      7.1
303.30      7.2
303.40      7.2
303.50      7.2
303.60      7.2
303.70      7.3
303.80      7.3
303.90      7.3
304.00      7.3
304.10      7.3
304.20      7.3
304.30      7.3
304.40      7.3
304.50      7.3
304.60      7.3
304.70      7.3
304.80      7.3
304.90      7.3
305.00      7.3
305.10      7.3
305.20      7.3
305.30      7.3
305.40      7.2
305.50      7.2
305.60      7.2
305.70      7.2
305.80      7.1
305.90      7.1
306.00      7.1
306.10      7.1
306.20      7.1
306.30      7.1
306.40      7.1
306.50      7.1
306.60      7.1
306.70      7.1
306.80      7.1
306.90      7.1
307.00      7.1
307.10      7.1
307.20      7.1
307.30      7.1
307.40      7.1
307.50      7.1
307.60      7.1
307.70      7.1
307.80      7.1
307.90      7.1
308.00      7.1
308.10      7.1
308.20      7.1
308.30      7.1
308.40      7.1
308.50      7.1
308.60      7.1
308.70      7.1
308.80      7.1
308.90      7.1
309.00      7.1
309.10      7.1
309.20      7.1
309.30      7.1
309.40      7.1
309.50      7.1
309.60      7.1
309.70      7.1
309.80      7.1
309.90      7.1
310.00      7.1
310.10      7.1
310.20      7.1
310.30      7.1
310.40      7.1
310.50      7.1
310.60      7.1
310.70      7.1
310.80      7.1
310.90      7.1
311.00      7.1
311.10      7.1
311.20      7.1
311.30      7.1
311.40      7.1
311.50      7.1
311.60      7.1
311.70      7.1
311.80      7.1
311.90      7.1
312.00      7.1
312.10      7.1
312.20      7.1
312.30      7.1
312.40      7.1
312.50      7.1
312.60      7.1
312.70      7.1
312.80      7.1
312.90      7.1
313.00      7.1
313.10      7.1
313.20      7.1
313.30      7.1
313.40      7.1
313.50      7.1
313.60      7.1
313.70      7.1
313.80      7.1
313.90      7.1
314.00      7.1
314.10      7.1
314.20      7.1
314.30      7.1
314.40      7.1
314.50      7.1
314.60      7.1
314.70      7.1
314.80      7.1
314.90      7.1
315.00      7.1
315.10      7.1
315.20      7.1
315.30      7.1
315.40      7.1
315.50      7.1
315.60      7.1
315.70      7.1
315.80      7.1
315.90      7.1
316.00      7.1
316.10      7.1
316.20      7.1
316.30      7.1
316.40      7.1
316.50      7.1
316.60      7.1
316.70      7.1
316.80      7.1
316.90      7.1
317.00      7.1
317.10      7.1
317.20      7.1
317.30      7.1
317.40      7.1
317.50      7.1
317.60      7.1
317.70      7.1
317.80      7.1
317.90      7.1
318.00      7.1
318.10      7.1
318.20      7.1
318.30      7.1
318.40      7.1
318.50      7.1
318.60      7.1
318.70      7.1
318.80      7.1
318.90      7.1
319.00      7.1
319.10      7.1
319.20      7.1
319.30      7.1
319.40      7.1
319.50      7.1
319.60      7.1
319.70      7.1
319.80      7.1
319.90      7.1
320.00      7.1
320.10      7.1
320.20      7.1
320.30      7.1
320.40      7.1
320.50      7.1
320.60      7.1
320.70      7.1
320.80      7.1
320.90      7.1
321.00      7.1
321.10      7.1
321.20      7.1
321.30      7.1
321.40      7.1
321.50      7.1
321.60      7.1
321.70      7.1
321.80      7.1
321.90      7.1
322.00      7.1
322.10      7.1
322.20      7.1
322.30      7.1
322.40      7.1
322.50      7.1
322.60      7.1
322.70      7.1
322.80      7.1
322.90      7.1
323.00      7.1
323.10      7.1
323.20      7.1
323.30      7.1
323.40      7.1
323.50      7.1
323.60      7.1
323.70      7.1
323.80      7.1
323.90      7.1
324.00      7.1
324.10      7.1
324.20      7.1
324.30      7.1
324.40      7.1
324.50      7.1
324.60      7.1
324.70      7.1
324.80      7.1
324.90      7.1
325.00      7.1
325.10      7.1
325.20      7.1
325.30      7.1
325.40      7.1
325.50      7.1
325.60      7.1
325.70      7.1
325.80      7.1
325.90      7.1
326.00      7.1
326.10      7.1
326.20      7.1
326.30      7.1
326.40      7.1
326.50      7.1
326.60      7.1
326.70      7.1
326.80      7.1
326.90      7.1
327.00      7.1
327.10      7.1
327.20      7.1
327.30      7.1
327.40      7.1
327.50      7.1
327.60      7.1
327.70      7.1
327.80      7.1
327.90      7.1
328.00      7.1
328.10      7.1
328.20      7.1
328.30      7.1
328.40      7.1
328.50      7.1
328.60      7.1
328.70      7.1
328.80      7.1
328.90      7.1
329.00      7.1
329.10      7.1
329.20      7.1
329.30      7.1
329.40      7.1
329.50      7.1
329.60      7.1
329.70      7.1
329.80      7.1
329.90      7.1
330.00      7.1
330.10      7.1
330.20      7.1
330.30      7.1
330.40      7.1
330.50      7.1
330.60      7.1
330.70      7.1
330.80      7.1
330.90      7.1
331.00      7.1
331.10      7.1
331.20      7.1
331.30      7.1
331.40      7.1
331.50      7.1
331.60      7.1
331.70      7.1
331.80      7.1
331.90      7.1
332.00      7.1
332.10      7.1
332.20      7.1
332.30      7.1
332.40      7.1
332.50      7.1
332.60      7.1
332.70      7.1
332.80      7.1
332.90      7.1
333.00      7.1
333.10      7.1
333.20      7.1
333.30      7.1
333.40      7.1
333.50      7.1
333.60      7.1
333.70      7.1
333.80      7.1
333.90      7.1
334.00      7.1
334.10      7.1
334.20      7.1
334.30      7.1
334.40      7.1
334.50      7.1
334.60      7.1
334.70      7.1
334.80      7.1
334.90      7.1
335.00      7.1
335.10      7.1
335.20      7.1
335.30      7.1
335.40      7.1
335.50      7.1
335.60      7.1
335.70      7.1
335.80      7.1
335.90      7.1
336.00      7.1
336.10      7.1
336.20      7.1
336.30      7.1
336.40      7.1
336.50      7.1
336.60      7.1
336.70      7.1
336.80      7.1
336.90      7.1
337.00      7.1
337.10      7.1
337.20      7.1
337.30      7.1
337.40      7.1
337.50      7.1
337.60      7.1
337.70      7.1
337.80      7.1
337.90      7.1
338.00      7.1
338.10      7.1
338.20      7.1
338.30      7.1
338.40      7.1
338.50      7.1
338.60      7.1
338.70      7.1
338.80      7.1
338.90      7.1
339.00      7.1
339.10      7.1
339.20      7.1
339.30      7.1
339.40      7.1
339.50      7.1
339.60      7.1
339.70      7.1
339.80      7.1
339.90      7.1
340.00      7.1
340.10      7.1
340.20      7.1
340.30      7.1
340.40      7.1
340.50      7.1
340.60      7.1
340.70      7.1
340.80      7.1
340.90      7.1
341.00      7.1
341.10      7.1
341.20      7.1
341.30      7.1
341.40      7.1
341.50      7.1
341.60      7.1
341.70      7.1
341.80      7.1
341.90      7.1
342.00      7.1
342.10      7.1
342.20      7.1
342.30      7.1
342.40      7.1
342.50      7.1
342.60      7.1
342.70      7.1
342.80      7.1
342.90      7.1
343.00      7.1
343.10      7.1
343.20      7.1
343.30      7.1
343.40      7.1
343.50      7.1
343.60      7.1
343.70      7.1
343.80      7.1
343.90      7.1
344.00      7.1
344.10      7.1
344.20      7.1
344.30      7.1
344.40      7.1
344.50      7.1
344.60      7.1
344.70      7.1
344.80      7.1
344.90      7.1
345.00      7.1
345.10      7.1
345.20      7.1
345.30      7.1
345.40      7.1
345.50      7.1
345.60      7.1
345.70      7.1
345.80      7.1
345.90      7.1
346.00      7.1
346.10      7.1
346.20      7.1
346.30      7.1
346.40      7.1
346.50      7.1
346.60      7.1
346.70      7.1
346.80      7.1
346.90      7.1
347.00      7.1
347.10      7.1
347.20      7.1
347.30      7.1
347.40      7.1
347.50      7.1
347.60      7.1
347.70      7.1
347.80      7.1
347.90      7.1
348.00      7.1
348.10      7.1
348.20      7.1
348.30      7.1
348.40      7.1
348.50      7.1
348.60      7.1
348.70      7.1
348.80      7.1
348.90      7.1
349.00      7.1
349.10      7.1
349.20      7.1
349.30      7.1
349.40      7.1
349.50      7.1
349.60      7.1
349.70      7.1
349.80      7.1
349.90      7.1
350.00      7.1
350.10      7.1
350.20      7.1
350.30      7.1
350.40      7.1
350.50      7.1
350.60      7.1
350.70      7.1
350.80      7.1
350.90      7.1
351.00      7.1
351.10      7.1
351.20      7.1
351.30      7.1
351.40      7.1
351.50      7.1
351.60      7.1
351.70      7.1
351.80      7.1
351.90      7.1
352.00      7.1
352.10      7.1
352.20      7.1
352.30      7.1
352.40      7.1
352.50      7.1
352.60      7.1
352.70      7.1
352.80      7.1
352.90      7.1
353.00      7.1
353.10      7.1
353.20      7.1
353.30      7.1
353.40      7.1
353.50      7.1
353.60      7.1
353.70      7.1
353.80      7.1
353.90      7.1
354.00      7.1
354.10      7.1
354.20      7.1
354.30      7.1
354.40      7.1
354.50      7.1
354.60      7.1
354.70      7.1
354.80      7.1
354.90      7.1
355.00      7.1
355.10      7.1
355.20      7.1
355.30      7.1
355.40      7.1
355.50      7.1
355.60      7.1
355.70      7.1
355.80      7.1
355.90      7.1
356.00      7.1
356.10      7.1
356.20      7.1
356.30      7.1
356.40      7.1
356.50      7.1
356.60      7.1
356.70      7.1
356.80      7.1
356.90      7.1
357.00      7.1
357.10      7.1
357.20      7.1
357.30      7.1
357.40      7.1
357.50      7.1
357.60      7.1
357.70      7.1
357.80      7.1
357.90      7.1
358.00      7.1
358.10      7.1
358.20      7.1
358.30      7.1
358.40      7.1
358.50      7.1
358.60      7.1
358.70      7.1
358.80      7.1
358.90      7.1
359.00      7.1
359.10      7.1
359.20      7.1
359.30      7.1
359.40      7.1
359.50      7.1
359.60      7.1
359.70      7.1
359.80      7.1
359.90      7.1
360.00      7.1
360.10      7.1
360.20      7.1
360.30      7.1
360.40      7.1
360.50      7.1
360.60      7.1
360.70      7.1
360.80      7.1
360.90      7.1
361.00      7.1
361.10      7.1
361.20      7.1
361.30      7.1
361.40      7.1
361.50      7.1
361.60      7.1
361.70      7.1
361.80      7.1
361.90      7.1
362.00      7.1
362.10      7.1
362.20      7.1
362.30      7.1
362.40      7.1
362.50      7.1
362.60      7.1
362.70      7.1
362.80      7.1
362.90      7.1
363.00      7.1
363.10      7.1
363.20      7.1
363.30      7.1
363.40      7.1
363.50      7.1
363.60      7.1
363.70      7.1
363.80      7.1
363.90      7.1
364.00      7.1
364.10      7.1
364.20      7.1
364.30      7.1
364.40      7.1
364.50      7.1
364.60      7.1
364.70      7.1
364.80      7.1
364.90      7.1
365.00      7.1
365.10      7.1
365.20      7.1
365.30      7.1
365.40      7.1
365.50      7.1
365.60      7.1
365.70      7.1
365.80      7.1
365.90      7.1
366.00      7.1
366.10      7.1
366.20      7.1
366.30      7.1
366.40      7.1
366.50      7.1
366.60      7.1
366.70      7.1
366.80      7.1
366.90      7.1
367.00      7.1
367.10      7.1
367.20      7.1
367.30      7.1
367.40      7.1
367.50      7.1
367.60      7.1
367.70      7.1
367.80      7.1
367.90      7.1
368.00      7.1
368.10      7.1
368.20      7.1
368.30      7.1
368.40      7.1
368.50      7.1
368.60      7.1
368.70      7.1
368.80      7.1
368.90      7.1
369.00      7.1
369.10      7.1
369.20      7.1
369.30      7.1
369.40      7.1
369.50      7.1
369.60      7.1
369.70      7.1
369.80      7.1
369.90      7.1
370.00      7.1
370.10      7.1
370.20      7.1
370.30      7.1
370.40      7.1
370.50      7.1
370.60      7.1
370.70      7.1
370.80      7.1
370.90      7.1
371.00      7.1
371.10      7.1
371.20      7.1
371.30      7.1
371.40      7.1
371.50      7.1
371.60      7.1
371.70      7.1
371.80      7.1
371.90      7.1
372.00      7.1
372.10      7.1
372.20      7.1
372.30      7.1
372.40      7.1
372.50      7.1
372.60      7.1
372.70      7.1
372.80      7.1
372.90      7.1
373.00      7.1
373.10      7.1
373.20      7.1
373.30      7.1
373.40      7.1
373.50      7.1
373.60      7.1
373.70      7.1
373.80      7.1
373.90      7.1
374.00      7.1
374.10      7.1
374.20      7.1
374.30      7.1
374.40      7.1
374.50      7.1
374.60      7.1
374.70      7.1
374.80      7.1
374.90      7.1
375.00      7.1
375.10      7.1
375.20      7.1
375.30      7.2
375.40      7.2
375.50      7.2
375.60      7.2
375.70      7.3
375.80      7.3
375.90      7.3
376.00      7.3
376.10      7.3
376.20      7.3
376.30      7.3
376.40      7.3
376.50      7.3
376.60      7.3
376.70      7.3
376.80      7.3
376.90      7.3
377.00      7.3
377.10      7.4
377.20      7.4
377.30      7.4
377.40      7.4
377.50      7.4
377.60      7.5
377.70      7.5
377.80      7.5
377.90      7.5
378.00      7.6
378.10      7.6
378.20      7.6
378.30      7.6
378.40      7.7
378.50      7.7
378.60      7.7
378.70      7.7
378.80      7.8
378.90      7.8
379.00      7.8
379.10      7.9
379.20      7.9
379.30      8.0
379.40      8.0
379.50      8.1
379.60      8.1
379.70      8.2
379.80      8.2
379.90      8.3
380.00      8.3
380.10      8.4
380.20      8.4
380.30      8.4
380.40      8.5
380.50      8.5
380.60      8.6
380.70      8.6
380.80      8.7
380.90      8.7
381.00      8.8
381.10      8.9
381.20      9.0
381.30      9.2
381.40      9.3
381.50      9.4
381.60      9.5
381.70      9.6
381.80      9.8
381.90      9.9
382.00      10.0
382.10      10.2
382.20      10.4
382.30      10.5
382.40      10.7
382.50      10.9
382.60      11.0
382.70      11.2
382.80      11.4
382.90      11.6
383.00      11.7
383.10      12.0
383.20      12.3
383.30      12.5
383.40      12.8
383.50      13.1
383.60      13.3
383.70      13.6
383.80      13.9
383.90      14.1
384.00      14.4
384.10      14.8
384.20      15.2
384.30      15.7
384.40      16.1
384.50      16.5
384.60      16.9
384.70      17.3
384.80      17.7
384.90      18.1
385.00      18.6
385.10      19.2
385.20      19.8
385.30      20.4
385.40      21.0
385.50      21.6
385.60      22.2
385.70      22.8
385.80      23.4
385.90      24.1
386.00      24.7
386.10      25.5
386.20      26.3
386.30      27.2
386.40      28.0
386.50      28.8
386.60      29.6
386.70      30.5
386.80      31.3
386.90      32.1
387.00      33.0
387.10      34.1
387.20      35.3
387.30      36.4
387.40      37.6
387.50      38.7
387.60      39.9
387.70      41.0
387.80      42.1
387.90      43.3
388.00      44.4
388.10      46.0
388.20      47.5
388.30      49.0
388.40      50.5
388.50      52.0
388.60      53.5
388.70      55.0
388.80      56.6
388.90      58.1
389.00      59.6
389.10      61.5
389.20      63.4
389.30      65.4
389.40      67.3
389.50      69.2
389.60      71.2
389.70      73.1
389.80      75.0
389.90      76.9
390.00      78.9
390.10      81.5
390.20      84.1
390.30      86.6
390.40      89.2
390.50      91.8
390.60      94.4
390.70      97.0
390.80      99.6
390.90      102.2
391.00      104.8
391.10      108.2
391.20      111.7
391.30      115.2
391.40      118.6
391.50      122.1
391.60      125.6
391.70      129.0
391.80      132.5
391.90      136.0
392.00      139.4
392.10      143.9
392.20      148.3
392.30      152.8
392.40      157.2
392.50      161.7
392.60      166.1
392.70      170.5
392.80      175.0
392.90      179.4
393.00      183.9
393.10      189.1
393.20      194.4
393.30      199.6
393.40      204.9
393.50      210.1
393.60      215.4
393.70      220.6
393.80      225.9
393.90      231.1
394.00      236.4
394.10      242.1
394.20      247.9
394.30      253.7
394.40      259.4
394.50      265.2
394.60      271.0
394.70      276.7
394.80      282.5
394.90      288.3
395.00      294.0
395.10      299.6
395.20      305.3
395.30      310.9
395.40      316.5
395.50      322.1
395.60      327.7
395.70      333.3
395.80      338.9
395.90      344.6
396.00      350.2
396.10      355.4
396.20      360.5
396.30      365.7
396.40      370.9
396.50      376.1
396.60      381.2
396.70      386.4
396.80      391.6
396.90      396.8
397.00      402.0
397.10      405.8
397.20      409.7
397.30      413.5
397.40      417.4
397.50      421.2
397.60      425.1
397.70      429.0
397.80      432.8
397.90      436.7
398.00      440.5
398.10      442.3
398.20      444.1
398.30      445.9
398.40      447.7
398.50      449.5
398.60      451.2
398.70      453.0
398.80      454.8
398.90      456.6
399.00      458.4
399.10      457.9
399.20      457.4
399.30      456.9
399.40      456.4
399.50      455.9
399.60      455.4
399.70      454.9
399.80      454.5
399.90      454.0
400.00      11.7
400.00      11.7
400.10      11.7
400.20      12.0
400.30      12.0
400.40      12.2
400.50      12.2
400.60      12.5
400.70      12.5
400.80      12.7
400.90      12.7
401.00      12.7
401.10      12.9
401.20      13.2
401.30      13.2
401.40      13.4
401.50      13.4
401.60      13.7
401.70      13.7
401.80      13.9
401.90      13.9
402.00      14.2
402.10      14.4
402.20      14.4
402.30      14.7
402.40      14.9
402.50      14.9
402.60      15.1
402.70      15.4
402.80      15.4
402.90      15.6
403.00      15.9
403.10      16.1
403.20      16.1
403.30      16.4
403.40      16.6
403.50      16.8
403.60      16.8
403.70      17.1
403.80      17.3
403.90      17.6
404.00      17.8
404.10      18.1
404.20      18.3
404.30      18.3
404.40      18.6
404.50      18.8
404.60      19.0
404.70      19.3
404.80      19.8
404.90      20.0
405.00      20.3
405.10      20.3
405.20      20.8
405.30      21.0
405.40      21.2
405.50      21.5
405.60      21.7
405.70      22.0
405.80      22.5
405.90      22.7
406.00      23.0
406.10      23.4
406.20      23.7
406.30      23.9
406.40      24.2
406.50      24.7
406.60      24.9
406.70      25.2
406.80      25.6
406.90      25.9
407.00      26.1
407.10      26.6
407.20      27.1
407.30      27.6
407.40      27.8
407.50      28.3
407.60      28.6
407.70      29.1
407.80      29.5
407.90      30.0
408.00      30.3
408.10      30.8
408.20      31.3
408.30      32.0
408.40      32.2
408.50      32.7
408.60      33.2
408.70      33.9
408.80      34.4
408.90      34.9
409.00      35.7
409.10      36.1
409.20      36.6
409.30      37.4
409.40      37.9
409.50      38.6
409.60      39.1
409.70      39.8
409.80      40.5
409.90      41.0
410.00      41.8
410.10      42.5
410.20      43.2
410.30      43.7
410.40      44.4
410.50      44.9
410.60      45.7
410.70      46.4
410.80      47.1
410.90      47.9
411.00      48.6
411.10      49.3
411.20      50.1
411.30      50.8
411.40      51.5
411.50      52.3
411.60      53.0
411.70      53.7
411.80      54.5
411.90      55.4
412.00      56.2
412.10      56.9
412.20      57.9
412.30      58.6
412.40      59.6
412.50      60.3
412.60      61.3
412.70      62.3
412.80      63.2
412.90      64.0
413.00      65.0
413.10      65.9
413.20      66.9
413.30      67.9
413.40      68.9
413.50      69.8
413.60      70.8
413.70      71.6
413.80      72.8
413.90      73.7
414.00      74.7
414.10      75.5
414.20      76.4
414.30      77.4
414.40      78.6
414.50      79.6
414.60      80.8
414.70      82.1
414.80      83.3
414.90      84.2
415.00      85.2
415.10      86.4
415.20      87.7
415.30      88.9
415.40      90.1
415.50      91.3
415.60      92.6
415.70      94.0
415.80      95.2
415.90      96.5
416.00      97.7
416.10      98.9
416.20      100.1
416.30      101.6
416.40      103.1
416.50      104.8
416.60      106.2
416.70      107.7
416.80      109.2
416.90      110.6
417.00      112.3
417.10      113.8
417.20      115.3
417.30      116.5
417.40      117.9
417.50      119.7
417.60      121.1
417.70      122.6
417.80      124.1
417.90      125.8
418.00      127.5
418.10      128.9
418.20      130.4
418.30      132.1
418.40      133.6
418.50      135.0
418.60      136.3
418.70      138.0
418.80      139.7
418.90      141.4
419.00      143.1
419.10      144.8
419.20      146.3
419.30      148.0
419.40      149.7
419.50      151.4
419.60      152.9
419.70      154.6
419.80      156.0
419.90      157.5
420.00      159.0
420.10      160.7
420.20      162.4
420.30      163.9
420.40      165.3
420.50      167.0
420.60      168.3
420.70      170.0
420.80      171.4
420.90      172.9
421.00      174.6
421.10      176.1
421.20      177.8
421.30      179.2
421.40      180.7
421.50      182.2
421.60      183.6
421.70      185.6
421.80      187.3
421.90      189.0
422.00      190.5
422.10      192.2
422.20      193.7
422.30      195.4
422.40      196.6
422.50      198.5
422.60      199.8
422.70      201.5
422.80      203.2
422.90      204.6
423.00      206.6
423.10      208.1
423.20      209.5
423.30      211.2
423.40      212.7
423.50      214.7
423.60      216.1
423.70      217.6
423.80      219.3
423.90      221.2
424.00      223.2
424.10      225.2
424.20      226.9
424.30      228.1
424.40      230.0
424.50      232.0
424.60      233.5
424.70      234.9
424.80      236.9
424.90      238.8
425.00      240.0
425.10      241.8
425.20      243.5
425.30      245.4
425.40      247.1
425.50      249.6
425.60      251.3
425.70      252.7
425.80      254.7
425.90      256.7
426.00      258.6
426.10      260.6
426.20      262.3
426.30      264.2
426.40      265.9
426.50      267.9
426.60      269.6
426.70      271.6
426.80      273.5
426.90      276.2
427.00      277.4
427.10      279.1
427.20      281.1
427.30      282.5
427.40      284.7
427.50      286.2
427.60      288.4
427.70      289.6
427.80      291.8
427.90      293.5
428.00      294.3
428.10      296.5
428.20      298.4
428.30      299.6
428.40      301.3
428.50      303.3
428.60      305.0
428.70      306.7
428.80      308.2
428.90      310.6
429.00      312.3
429.10      314.0
429.20      315.3
429.30      317.2
429.40      318.7
429.50      320.1
429.60      321.9
429.70      323.1
429.80      324.8
429.90      326.0
430.00      327.5
430.10      330.2
430.20      330.9
430.30      332.4
430.40      334.3
430.50      335.3
430.60      337.2
430.70      338.7
430.80      340.2
430.90      341.9
431.00      342.9
431.10      344.1
431.20      345.3
431.30      346.8
431.40      348.2
431.50      349.5
431.60      351.2
431.70      352.4
431.80      353.6
431.90      355.3
432.00      356.3
432.10      356.8
432.20      358.0
432.30      359.5
432.40      360.9
432.50      361.7
432.60      362.4
432.70      362.6
432.80      364.3
432.90      366.1
433.00      367.0
433.10      367.8
433.20      368.5
433.30      369.2
433.40      370.0
433.50      370.5
433.60      370.9
433.70      371.4
433.80      372.9
433.90      373.1
434.00      372.2
434.10      372.4
434.20      372.9
434.30      372.6
434.40      373.6
434.50      373.4
434.60      373.6
434.70      373.1
434.80      372.2
434.90      371.9
435.00      371.2
435.10      371.2
435.20      371.2
435.30      371.4
435.40      370.2
435.50      369.7
435.60      369.2
435.70      367.5
435.80      366.8
435.90      365.8
436.00      364.8
436.10      363.9
436.20      362.6
436.30      361.4
436.40      360.0
436.50      358.7
436.60      357.0
436.70      355.6
436.80      353.4
436.90      351.9
437.00      350.2
437.10      348.2
437.20      346.0
437.30      343.8
437.40      341.9
437.50      339.9
437.60      338.2
437.70      336.3
437.80      333.6
437.90      331.6
438.00      329.2
438.10      327.0
438.20      324.8
438.30      322.1
438.40      319.7
438.50      317.2
438.60      315.3
438.70      312.3
438.80      309.9
438.90      307.2
439.00      304.5
439.10      301.8
439.20      298.7
439.30      296.5
439.40      293.5
439.50      290.4
439.60      287.7
439.70      284.7
439.80      281.8
439.90      278.9
440.00      275.7
440.10      272.3
440.20      269.1
440.30      265.9
440.40      262.3
440.50      259.1
440.60      256.2
440.70      253.0
440.80      249.8
440.90      246.4
441.00      243.2
441.10      240.3
441.20      237.4
441.30      234.2
441.40      231.0
441.50      227.8
441.60      224.4
441.70      221.7
441.80      218.6
441.90      215.6
442.00      212.2
442.10      209.5
442.20      206.3
442.30      203.2
442.40      200.7
442.50      197.8
442.60      194.9
442.70      192.4
442.80      189.5
442.90      186.8
443.00      184.4
443.10      181.7
443.20      179.0
443.30      176.3
443.40      173.6
443.50      170.7
443.60      168.7
443.70      166.3
443.80      164.1
443.90      161.4
444.00      159.5
444.10      157.3
444.20      155.6
444.30      153.4
444.40      151.2
444.50      149.2
444.60      147.3
444.70      145.3
444.80      143.1
444.90      141.4
445.00      139.4
445.10      137.7
445.20      135.8
445.30      134.3
445.40      132.4
445.50      130.6
445.60      128.9
445.70      127.5
445.80      126.0
445.90      124.3
446.00      122.6
446.10      121.1
446.20      119.7
446.30      118.2
446.40      116.7
446.50      115.3
446.60      114.0
446.70      112.8
446.80      111.1
446.90      109.9
447.00      108.9
447.10      107.4
447.20      106.2
447.30      105.3
447.40      103.8
447.50      102.6
447.60      101.3
447.70      100.1
447.80      98.9
447.90      97.9
448.00      96.5
448.10      95.2
448.20      94.3
448.30      93.3
448.40      92.1
448.50      91.1
448.60      90.1
448.70      89.1
448.80      88.4
448.90      87.4
449.00      86.7
449.10      85.7
449.20      84.5
449.30      83.8
449.40      83.0
449.50      82.1
449.60      81.1
449.70      80.3
449.80      79.4
449.90      78.9
450.00      77.9
450.10      77.2
450.20      76.4
450.30      75.5
450.40      74.7
450.50      74.2
450.60      73.5
450.70      72.8
450.80      72.0
450.90      71.3
451.00      70.8
451.10      70.1
451.20      69.4
451.30      68.6
451.40      68.1
451.50      67.4
451.60      66.9
451.70      66.4
451.80      65.7
451.90      65.2
452.00      64.5
452.10      63.7
452.20      63.2
452.30      62.8
452.40      62.0
452.50      61.5
452.60      60.8
452.70      60.3
452.80      59.8
452.90      59.1
453.00      58.6
453.10      58.1
453.20      57.4
453.30      57.1
453.40      56.4
453.50      55.9
453.60      55.4
453.70      54.9
453.80      54.5
453.90      54.0
454.00      53.5
454.10      53.0
454.20      52.5
454.30      51.8
454.40      51.3
454.50      50.8
454.60      50.3
454.70      49.8
454.80      49.6
454.90      48.8
455.00      48.6
455.10      47.9
455.20      47.4
455.30      47.1
455.40      46.6
455.50      46.2
455.60      45.4
455.70      44.9
455.80      44.7
455.90      44.2
456.00      43.7
456.10      43.2
456.20      42.7
456.30      42.5
456.40      42.0
456.50      41.5
456.60      41.0
456.70      40.5
456.80      40.3
456.90      39.8
457.00      39.3
457.10      39.1
457.20      38.6
457.30      38.1
457.40      37.9
457.50      37.6
457.60      37.1
457.70      36.6
457.80      36.1
457.90      35.9
458.00      35.7
458.10      35.2
458.20      34.9
458.30      34.4
458.40      34.2
458.50      33.9
458.60      33.5
458.70      33.2
458.80      33.0
458.90      32.7
459.00      32.5
459.10      32.0
459.20      31.7
459.30      31.5
459.40      31.3
459.50      31.0
459.60      30.8
459.70      30.5
459.80      30.3
459.90      30.0
460.00      29.8
460.10      29.5
460.20      29.3
460.30      29.1
460.40      28.8
460.50      28.6
460.60      28.3
460.70      28.1
460.80      27.8
460.90      27.8
461.00      27.6
461.10      27.4
461.20      27.1
461.30      26.9
461.40      26.9
461.50      26.6
461.60      26.4
461.70      26.1
461.80      25.9
461.90      25.9
462.00      25.6
462.10      25.4
462.20      25.4
462.30      25.2
462.40      25.2
462.50      24.9
462.60      24.7
462.70      24.7
462.80      24.4
462.90      24.4
463.00      24.2
463.10      23.9
463.20      23.7
463.30      23.7
463.40      23.7
463.50      23.4
463.60      23.2
463.70      23.2
463.80      23.0
463.90      22.7
464.00      22.7
464.10      22.7
464.20      22.5
464.30      22.2
464.40      22.2
464.50      22.0
464.60      22.0
464.70      21.7
464.80      21.7
464.90      21.5
465.00      21.5
465.10      21.5
465.20      21.5
465.30      21.2
465.40      21.0
465.50      21.0
465.60      20.8
465.70      20.8
465.80      20.8
465.90      20.5
466.00      20.5
466.10      20.5
466.20      20.3
466.30      20.3
466.40      20.3
466.50      20.3
466.60      20.0
466.70      20.0
466.80      19.8
466.90      19.8
467.00      19.8
467.10      19.8
467.20      19.5
467.30      19.5
467.40      19.5
467.50      19.3
467.60      19.3
467.70      19.3
467.80      19.3
467.90      19.0
468.00      19.0
468.10      19.0
468.20      19.0
468.30      18.8
468.40      18.8
468.50      18.8
468.60      18.6
468.70      18.6
468.80      18.6
468.90      18.6
469.00      18.6
469.10      18.3
469.20      18.3
469.30      18.3
469.40      18.1
469.50      18.1
469.60      18.1
469.70      18.1
469.80      18.1
469.90      17.8
470.00      17.8
470.10      17.8
470.20      17.8
470.30      17.6
470.40      17.6
470.50      17.6
470.60      17.6
470.70      17.3
470.80      17.3
470.90      17.3
471.00      17.3
471.10      17.1
471.20      17.1
471.30      17.1
471.40      17.1
471.50      17.1
471.60      17.1
471.70      17.1
471.80      16.8
471.90      16.8
472.00      16.8
472.10      16.8
472.20      16.8
472.30      16.8
472.40      16.6
472.50      16.6
472.60      16.6
472.70      16.6
472.80      16.6
472.90      16.6
473.00      16.4
473.10      16.4
473.20      16.4
473.30      16.4
473.40      16.1
473.50      16.4
473.60      16.4
473.70      16.1
473.80      16.1
473.90      16.1
474.00      16.1
474.10      16.1
474.20      16.1
474.30      16.1
474.40      16.1
474.50      16.1
474.60      15.9
474.70      16.1
474.80      16.1
474.90      15.9
475.00      15.9
475.10      15.9
475.20      15.9
475.30      15.9
475.40      15.9
475.50      15.9
475.60      15.9
475.70      15.9
475.80      15.9
475.90      15.9
476.00      15.9
476.10      15.9
476.20      15.9
476.30      15.9
476.40      15.9
476.50      15.9
476.60      15.9
476.70      15.9
476.80      15.9
476.90      15.9
477.00      15.9
477.10      15.9
477.20      15.9
477.30      15.9
477.40      15.9
477.50      15.9
477.60      15.9
477.70      15.9
477.80      15.9
477.90      15.9
478.00      15.9
478.10      15.9
478.20      15.9
478.30      15.9
478.40      15.9
478.50      16.1
478.60      16.1
478.70      16.1
478.80      16.1
478.90      16.1
479.00      16.1
479.10      16.1
479.20      16.1
479.30      16.1
479.40      16.1
479.50      16.1
479.60      16.1
479.70      16.1
479.80      16.4
479.90      16.4
480.00      16.4
480.10      16.4
480.20      16.4
480.30      16.4
480.40      16.6
480.50      16.6
480.60      16.6
480.70      16.6
480.80      16.6
480.90      16.8
481.00      16.8
481.10      16.8
481.20      16.8
481.30      16.8
481.40      16.8
481.50      17.1
481.60      17.1
481.70      17.1
481.80      17.3
481.90      17.3
482.00      17.3
482.10      17.3
482.20      17.6
482.30      17.6
482.40      17.6
482.50      17.6
482.60      17.6
482.70      17.8
482.80      17.8
482.90      17.8
483.00      18.1
483.10      18.1
483.20      18.1
483.30      18.3
483.40      18.3
483.50      18.3
483.60      18.6
483.70      18.6
483.80      18.6
483.90      18.6
484.00      18.8
484.10      18.8
484.20      19.0
484.30      19.0
484.40      19.0
484.50      19.3
484.60      19.3
484.70      19.3
484.80      19.5
484.90      19.5
485.00      19.8
485.10      19.8
485.20      19.8
485.30      19.8
485.40      20.0
485.50      20.0
485.60      20.0
485.70      20.3
485.80      20.3
485.90      20.5
486.00      20.5
486.10      20.8
486.20      20.8
486.30      20.8
486.40      21.0
486.50      21.0
486.60      21.2
486.70      21.2
486.80      21.5
486.90      21.5
487.00      21.7
487.10      21.7
487.20      22.0
487.30      22.0
487.40      22.2
487.50      22.2
487.60      22.2
487.70      22.5
487.80      22.7
487.90      22.7
488.00      23.0
488.10      23.2
488.20      23.2
488.30      23.4
488.40      23.4
488.50      23.7
488.60      23.9
488.70      23.9
488.80      23.9
488.90      24.2
489.00      24.4
489.10      24.7
489.20      24.7
489.30      24.9
489.40      25.2
489.50      25.2
489.60      25.4
489.70      25.6
489.80      25.6
489.90      25.9
490.00      26.1
490.10      26.4
490.20      26.6
490.30      26.6
490.40      26.9
490.50      27.1
490.60      27.4
490.70      27.4
490.80      27.6
490.90      27.8
491.00      27.8
491.10      28.1
491.20      28.3
491.30      28.6
491.40      28.6
491.50      28.8
491.60      29.1
491.70      29.1
491.80      29.3
491.90      29.5
492.00      29.5
492.10      29.8
492.20      30.0
492.30      30.3
492.40      30.5
492.50      30.5
492.60      30.8
492.70      31.0
492.80      31.3
492.90      31.5
493.00      31.5
493.10      31.7
493.20      32.0
493.30      32.2
493.40      32.2
493.50      32.5
493.60      32.7
493.70      33.0
493.80      33.2
493.90      33.2
494.00      33.5
494.10      33.7
494.20      33.9
494.30      34.2
494.40      34.4
494.50      34.7
494.60      34.7
494.70      34.9
494.80      35.2
494.90      35.4
495.00      35.7
495.10      35.9
495.20      36.1
495.30      36.1
495.40      36.4
495.50      36.6
495.60      36.9
495.70      37.1
495.80      37.4
495.90      37.6
496.00      37.9
496.10      38.1
496.20      38.3
496.30      38.6
496.40      38.8
496.50      39.3
496.60      39.6
496.70      39.8
496.80      39.8
496.90      40.3
497.00      40.5
497.10      40.8
497.20      41.0
497.30      41.3
497.40      41.5
497.50      41.8
497.60      42.0
497.70      42.2
497.80      42.7
497.90      43.0
498.00      43.2
498.10      43.5
498.20      43.7
498.30      44.0
498.40      44.2
498.50      44.4
498.60      44.7
498.70      44.9
498.80      45.4
498.90      45.7
499.00      45.9
499.10      45.9
499.20      46.4
499.30      46.6
499.40      46.9
499.50      47.1
499.60      47.4
499.70      47.6
499.80      47.9
499.90      48.1
500.00      48.4
500.10      48.6
500.20      48.8
500.30      49.3
500.40      49.3
500.50      49.8
500.60      49.8
500.70      50.3
500.80      50.5
500.90      50.8
501.00      50.8
501.10      51.0
501.20      51.3
501.30      51.5
501.40      51.8
501.50      52.0
501.60      52.5
501.70      52.7
501.80      52.7
501.90      53.0
502.00      53.2
502.10      53.5
502.20      53.7
502.30      54.2
502.40      54.2
502.50      54.5
502.60      54.7
502.70      54.9
502.80      55.2
502.90      55.7
503.00      55.7
503.10      55.9
503.20      56.2
503.30      56.4
503.40      56.7
503.50      56.9
503.60      57.1
503.70      57.4
503.80      57.9
503.90      58.1
504.00      58.4
504.10      58.6
504.20      58.9
504.30      59.1
504.40      59.3
504.50      59.6
504.60      59.8
504.70      60.3
504.80      60.6
504.90      60.8
505.00      61.1
505.10      61.3
505.20      61.8
505.30      62.0
505.40      62.3
505.50      62.5
505.60      62.8
505.70      63.0
505.80      63.2
505.90      63.5
506.00      64.0
506.10      64.2
506.20      64.5
506.30      64.7
506.40      65.0
506.50      65.2
506.60      65.4
506.70      65.4
506.80      65.9
506.90      66.2
507.00      66.4
507.10      66.4
507.20      66.9
507.30      67.2
507.40      67.4
507.50      67.6
507.60      67.9
507.70      67.9
507.80      68.1
507.90      68.1
508.00      68.4
508.10      68.9
508.20      68.9
508.30      69.4
508.40      69.4
508.50      69.8
508.60      70.1
508.70      70.3
508.80      70.6
508.90      70.8
509.00      70.8
509.10      71.1
509.20      71.3
509.30      71.6
509.40      71.8
509.50      71.8
509.60      72.0
509.70      72.0
509.80      72.3
509.90      72.5
510.00      72.8
510.10      73.0
510.20      73.3
510.30      73.3
510.40      73.5
510.50      73.7
510.60      74.0
510.70      74.2
510.80      74.5
510.90      74.5
511.00      74.7
511.10      75.0
511.20      75.0
511.30      75.2
511.40      75.5
511.50      75.7
511.60      75.7
511.70      75.9
511.80      76.2
511.90      76.4
512.00      76.7
512.10      76.9
512.20      76.9
512.30      77.2
512.40      77.7
512.50      77.7
512.60      77.9
512.70      77.9
512.80      78.4
512.90      78.6
513.00      78.9
513.10      78.9
513.20      78.6
513.30      78.1
513.40      78.4
513.50      78.6
513.60      78.9
513.70      78.9
513.80      79.1
513.90      79.1
514.00      79.4
514.10      79.6
514.20      79.6
514.30      79.9
514.40      80.1
514.50      80.3
514.60      80.6
514.70      80.6
514.80      80.8
514.90      81.1
515.00      81.3
515.10      81.3
515.20      81.6
515.30      81.8
515.40      81.8
515.50      82.1
515.60      82.1
515.70      82.3
515.80      82.5
515.90      82.5
516.00      82.8
516.10      82.8
516.20      83.0
516.30      83.0
516.40      83.3
516.50      83.3
516.60      83.3
516.70      83.5
516.80      83.5
516.90      83.8
517.00      84.0
517.10      84.0
517.20      84.2
517.30      84.5
517.40      84.5
517.50      84.5
517.60      84.5
517.70      84.7
517.80      84.7
517.90      84.7
518.00      85.0
518.10      85.0
518.20      85.2
518.30      85.2
518.40      85.0
518.50      85.2
518.60      85.5
518.70      85.5
518.80      85.7
518.90      85.7
519.00      85.7
519.10      86.0
519.20      86.0
519.30      86.0
519.40      86.2
519.50      86.4
519.60      86.4
519.70      86.4
519.80      86.4
519.90      86.7
520.00      86.7
520.10      86.9
520.20      86.9
520.30      86.9
520.40      87.2
520.50      87.2
520.60      87.4
520.70      87.4
520.80      87.4
520.90      87.7
521.00      87.7
521.10      87.7
521.20      87.7
521.30      87.9
521.40      88.2
521.50      88.2
521.60      88.2
521.70      88.4
521.80      88.2
521.90      88.6
522.00      88.6
522.10      88.9
522.20      88.9
522.30      89.1
522.40      88.9
522.50      89.1
522.60      89.1
522.70      89.1
522.80      89.1
522.90      89.1
523.00      89.4
523.10      89.4
523.20      89.4
523.30      89.4
523.40      89.6
523.50      89.6
523.60      89.6
523.70      89.6
523.80      89.9
523.90      90.1
524.00      90.1
524.10      90.1
524.20      90.1
524.30      90.4
524.40      90.1
524.50      90.4
524.60      90.4
524.70      90.4
524.80      90.4
524.90      90.4
525.00      90.4
525.10      90.4
525.20      90.4
525.30      90.4
525.40      90.4
525.50      90.6
525.60      90.4
525.70      90.6
525.80      90.4
525.90      90.6
526.00      90.8
526.10      90.8
526.20      90.8
526.30      90.6
526.40      90.6
526.50      90.6
526.60      90.6
526.70      90.6
526.80      90.6
526.90      90.6
527.00      90.6
527.10      90.8
527.20      90.8
527.30      90.6
527.40      90.6
527.50      90.8
527.60      90.8
527.70      90.8
527.80      90.8
527.90      90.8
528.00      90.6
528.10      90.8
528.20      91.1
528.30      90.8
528.40      90.6
528.50      90.8
528.60      90.8
528.70      90.8
528.80      90.8
528.90      90.8
529.00      90.8
529.10      90.8
529.20      90.8
529.30      90.8
529.40      90.8
529.50      91.1
529.60      91.3
529.70      91.1
529.80      91.1
529.90      91.1
530.00      91.3
530.10      91.3
530.20      91.1
530.30      91.1
530.40      91.1
530.50      91.1
530.60      91.1
530.70      91.1
530.80      91.3
530.90      91.3
531.00      91.3
531.10      91.3
531.20      91.3
531.30      91.3
531.40      91.3
531.50      91.3
531.60      91.1
531.70      91.1
531.80      91.1
531.90      91.3
532.00      91.3
532.10      91.6
532.20      91.3
532.30      91.3
532.40      91.3
532.50      91.3
532.60      91.3
532.70      91.3
532.80      91.3
532.90      91.6
533.00      91.3
533.10      91.3
533.20      91.6
533.30      91.3
533.40      91.3
533.50      91.1
533.60      91.1
533.70      91.3
533.80      91.1
533.90      90.8
534.00      90.8
534.10      90.8
534.20      90.8
534.30      90.6
534.40      90.6
534.50      90.8
534.60      90.6
534.70      90.4
534.80      90.6
534.90      90.6
535.00      90.6
535.10      90.4
535.20      90.4
535.30      90.1
535.40      90.4
535.50      90.4
535.60      90.4
535.70      90.4
535.80      89.9
535.90      89.9
536.00      90.1
536.10      89.9
536.20      89.9
536.30      89.9
536.40      90.1
536.50      90.1
536.60      89.9
536.70      89.9
536.80      89.9
536.90      89.9
537.00      89.9
537.10      89.9
537.20      89.6
537.30      89.6
537.40      89.6
537.50      89.6
537.60      89.4
537.70      89.4
537.80      89.6
537.90      89.6
538.00      89.4
538.10      89.4
538.20      89.6
538.30      89.6
538.40      89.9
538.50      89.9
538.60      89.9
538.70      89.9
538.80      89.6
538.90      89.6
539.00      89.4
539.10      89.6
539.20      89.6
539.30      89.6
539.40      89.6
539.50      89.1
539.60      89.1
539.70      89.1
539.80      89.4
539.90      89.1
540.00      88.9
540.10      88.9
540.20      88.9
540.30      88.6
540.40      88.9
540.50      88.6
540.60      88.6
540.70      88.4
540.80      88.4
540.90      88.2
541.00      88.4
541.10      88.4
541.20      88.4
541.30      88.2
541.40      88.2
541.50      88.2
541.60      88.2
541.70      88.2
541.80      87.9
541.90      87.7
542.00      87.7
542.10      87.7
542.20      87.4
542.30      87.7
542.40      87.4
542.50      87.4
542.60      87.4
542.70      87.2
542.80      87.2
542.90      87.2
543.00      87.2
543.10      87.2
543.20      87.2
543.30      87.2
543.40      86.9
543.50      86.9
543.60      86.7
543.70      86.7
543.80      86.4
543.90      86.4
544.00      86.4
544.10      86.4
544.20      86.4
544.30      86.2
544.40      86.4
544.50      86.2
544.60      86.2
544.70      86.2
544.80      86.2
544.90      86.2
545.00      86.2
545.10      86.2
545.20      86.2
545.30      86.0
545.40      85.7
545.50      86.0
545.60      85.7
545.70      85.7
545.80      85.7
545.90      85.7
546.00      85.7
546.10      85.7
546.20      85.7
546.30      85.7
546.40      85.7
546.50      85.5
546.60      85.5
546.70      85.5
546.80      85.5
546.90      85.5
547.00      85.2
547.10      85.5
547.20      85.2
547.30      85.2
547.40      85.0
547.50      85.0
547.60      85.0
547.70      85.0
547.80      85.0
547.90      85.0
548.00      84.5
548.10      84.5
548.20      84.5
548.30      84.5
548.40      84.5
548.50      84.2
548.60      84.2
548.70      84.2
548.80      84.2
548.90      84.0
549.00      84.0
549.10      84.0
549.20      84.0
549.30      84.0
549.40      84.0
549.50      83.5
549.60      83.5
549.70      83.5
549.80      83.5
549.90      83.5
550.00      83.3
550.10      83.3
550.20      83.3
550.30      83.0
550.40      83.0
550.50      83.3
550.60      83.0
550.70      83.0
550.80      83.0
550.90      83.0
551.00      83.0
551.10      83.0
551.20      82.8
551.30      82.5
551.40      82.3
551.50      82.3
551.60      82.3
551.70      82.5
551.80      82.3
551.90      82.3
552.00      82.3
552.10      82.1
552.20      81.8
552.30      81.8
552.40      81.8
552.50      82.1
552.60      82.1
552.70      81.8
552.80      81.8
552.90      81.6
553.00      81.6
553.10      81.6
553.20      81.6
553.30      81.6
553.40      81.3
553.50      81.3
553.60      81.3
553.70      81.1
553.80      81.1
553.90      80.8
554.00      81.1
554.10      80.8
554.20      80.8
554.30      80.8
554.40      80.8
554.50      80.8
554.60      80.8
554.70      80.6
554.80      80.6
554.90      80.6
555.00      80.6
555.10      80.3
555.20      80.3
555.30      80.3
555.40      80.3
555.50      80.3
555.60      80.3
555.70      80.3
555.80      80.1
555.90      80.1
556.00      79.9
556.10      79.6
556.20      79.9
556.30      79.6
556.40      79.4
556.50      79.6
556.60      79.4
556.70      79.6
556.80      79.6
556.90      79.4
557.00      79.1
557.10      79.1
557.20      79.1
557.30      79.1
557.40      79.1
557.50      78.9
557.60      78.9
557.70      78.6
557.80      78.6
557.90      78.6
558.00      78.4
558.10      78.6
558.20      78.4
558.30      78.4
558.40      78.4
558.50      78.1
558.60      77.9
558.70      77.9
558.80      77.7
558.90      77.9
559.00      77.7
559.10      77.4
559.20      77.4
559.30      77.4
559.40      77.2
559.50      77.2
559.60      77.2
559.70      77.2
559.80      77.2
559.90      76.9
560.00      76.9
560.10      76.9
560.20      76.7
560.30      76.7
560.40      76.7
560.50      76.7
560.60      76.7
560.70      76.4
560.80      76.4
560.90      76.4
561.00      76.2
561.10      76.2
561.20      76.2
561.30      76.2
561.40      75.9
561.50      75.9
561.60      75.9
561.70      75.9
561.80      75.9
561.90      75.9
562.00      75.7
562.10      75.7
562.20      75.7
562.30      75.7
562.40      75.7
562.50      75.5
562.60      75.5
562.70      75.5
562.80      75.2
562.90      75.2
563.00      75.2
563.10      75.0
563.20      75.0
563.30      75.0
563.40      75.0
563.50      75.0
563.60      74.7
563.70      74.7
563.80      74.7
563.90      74.7
564.00      74.5
564.10      74.5
564.20      74.5
564.30      74.5
564.40      74.5
564.50      74.2
564.60      74.0
564.70      74.0
564.80      74.0
564.90      74.0
565.00      74.0
565.10      73.7
565.20      73.7
565.30      73.7
565.40      73.7
565.50      73.5
565.60      73.5
565.70      73.5
565.80      73.3
565.90      73.3
566.00      73.0
566.10      73.0
566.20      73.0
566.30      72.8
566.40      72.8
566.50      72.8
566.60      72.5
566.70      72.5
566.80      72.5
566.90      72.5
567.00      72.5
567.10      72.3
567.20      72.3
567.30      72.3
567.40      72.3
567.50      71.8
567.60      72.0
567.70      72.0
567.80      72.0
567.90      71.8
568.00      71.8
568.10      71.6
568.20      71.6
568.30      71.6
568.40      71.3
568.50      71.1
568.60      71.1
568.70      70.8
568.80      71.1
568.90      71.1
569.00      70.8
569.10      70.8
569.20      70.8
569.30      70.8
569.40      70.6
569.50      70.6
569.60      70.6
569.70      70.3
569.80      70.3
569.90      70.1
570.00      70.1
570.10      69.8
570.20      69.8
570.30      69.6
570.40      69.6
570.50      69.6
570.60      69.6
570.70      69.6
570.80      69.6
570.90      69.4
571.00      69.4
571.10      69.4
571.20      69.4
571.30      69.1
571.40      69.1
571.50      69.1
571.60      69.1
571.70      68.9
571.80      68.9
571.90      68.9
572.00      68.9
572.10      68.6
572.20      68.6
572.30      68.6
572.40      68.4
572.50      68.1
572.60      68.1
572.70      68.1
572.80      68.1
572.90      67.9
573.00      67.9
573.10      67.9
573.20      67.6
573.30      67.6
573.40      67.6
573.50      67.4
573.60      67.4
573.70      67.4
573.80      67.2
573.90      67.2
574.00      67.2
574.10      67.2
574.20      67.2
574.30      66.9
574.40      66.9
574.50      66.9
574.60      66.7
574.70      66.7
574.80      66.4
574.90      66.4
575.00      66.4
575.10      66.4
575.20      66.2
575.30      66.2
575.40      66.2
575.50      65.9
575.60      65.9
575.70      65.9
575.80      65.9
575.90      65.7
576.00      65.7
576.10      65.4
576.20      65.2
576.30      65.2
576.40      65.2
576.50      65.2
576.60      65.2
576.70      65.0
576.80      65.0
576.90      65.0
577.00      64.7
577.10      64.7
577.20      64.7
577.30      64.7
577.40      64.5
577.50      64.2
577.60      64.5
577.70      64.2
577.80      64.2
577.90      64.2
578.00      64.0
578.10      64.0
578.20      64.0
578.30      64.0
578.40      64.0
578.50      63.7
578.60      63.7
578.70      63.7
578.80      63.5
578.90      63.5
579.00      63.2
579.10      63.2
579.20      63.2
579.30      63.2
579.40      63.0
579.50      63.0
579.60      63.0
579.70      63.0
579.80      63.0
579.90      62.8
580.00      62.8
580.10      62.5
580.20      62.5
580.30      62.5
580.40      62.3
580.50      62.3
580.60      62.0
580.70      62.0
580.80      62.0
580.90      62.0
581.00      61.8
581.10      61.8
581.20      61.8
581.30      61.8
581.40      61.5
581.50      61.5
581.60      61.3
581.70      61.1
581.80      61.1
581.90      61.1
582.00      61.1
582.10      60.8
582.20      60.8
582.30      60.8
582.40      61.1
582.50      60.6
582.60      60.6
582.70      60.3
582.80      60.3
582.90      60.1
583.00      60.1
583.10      60.1
583.20      59.8
583.30      59.8
583.40      59.8
583.50      59.8
583.60      59.6
583.70      59.6
583.80      59.3
583.90      59.3
584.00      59.3
584.10      59.3
584.20      59.1
584.30      59.3
584.40      59.1
584.50      59.1
584.60      59.1
584.70      58.9
584.80      58.9
584.90      58.6
585.00      58.6
585.10      58.4
585.20      58.4
585.30      58.4
585.40      58.6
585.50      58.4
585.60      58.1
585.70      58.1
585.80      58.1
585.90      57.9
586.00      57.9
586.10      57.6
586.20      57.6
586.30      57.6
586.40      57.4
586.50      57.4
586.60      57.6
586.70      57.4
586.80      57.4
586.90      57.1
587.00      57.1
587.10      56.9
587.20      57.1
587.30      57.1
587.40      56.9
587.50      56.9
587.60      56.7
587.70      56.9
587.80      56.7
587.90      56.7
588.00      56.4
588.10      56.4
588.20      56.4
588.30      56.2
588.40      56.2
588.50      55.9
588.60      55.9
588.70      55.7
588.80      55.7
588.90      55.7
589.00      55.7
589.10      55.4
589.20      55.4
589.30      55.2
589.40      55.2
589.50      55.2
589.60      55.2
589.70      54.9
589.80      54.9
589.90      54.7
590.00      54.9
590.10      54.7
590.20      54.7
590.30      54.7
590.40      54.5
590.50      54.5
590.60      54.5
590.70      54.2
590.80      54.2
590.90      54.0
591.00      53.7
591.10      53.7
591.20      53.7
591.30      53.5
591.40      53.7
591.50      53.5
591.60      53.2
591.70      53.2
591.80      53.2
591.90      53.0
592.00      53.0
592.10      53.0
592.20      52.7
592.30      52.7
592.40      52.7
592.50      52.5
592.60      52.5
592.70      52.3
592.80      52.3
592.90      52.3
593.00      52.0
593.10      52.0
593.20      52.0
593.30      52.0
593.40      51.8
593.50      51.8
593.60      51.5
593.70      51.5
593.80      51.5
593.90      51.5
594.00      51.3
594.10      51.3
594.20      51.0
594.30      51.0
594.40      51.0
594.50      51.0
594.60      50.8
594.70      50.8
594.80      50.8
594.90      50.5
595.00      50.3
595.10      50.3
595.20      50.1
595.30      50.1
595.40      50.1
595.50      50.1
595.60      50.1
595.70      49.8
595.80      49.8
595.90      49.8
596.00      49.8
596.10      49.6
596.20      49.6
596.30      49.6
596.40      49.6
596.50      49.3
596.60      49.3
596.70      49.1
596.80      49.1
596.90      49.1
597.00      48.8
597.10      48.8
597.20      48.6
597.30      48.6
597.40      48.6
597.50      48.6
597.60      48.4
597.70      48.4
597.80      48.1
597.90      48.1
598.00      47.9
598.10      47.9
598.20      47.9
598.30      47.6
598.40      47.6
598.50      47.6
598.60      47.4
598.70      47.4
598.80      47.4
598.90      47.4
599.00      47.1
599.10      47.1
599.20      47.1
599.30      47.1
599.40      46.9
599.50      46.9
599.60      46.6
599.70      46.6
599.80      46.4
599.90      46.4
600.00      46.4
600.10      46.2
600.20      45.9
600.30      45.9
600.40      45.9
600.50      45.7
600.60      45.7
600.70      45.7
600.80      45.7
600.90      45.4
601.00      45.4
601.10      45.2
601.20      45.2
601.30      45.2
601.40      44.9
601.50      44.9
601.60      44.9
601.70      44.9
601.80      44.7
601.90      44.7
602.00      44.7
602.10      44.4
602.20      44.4
602.30      44.4
602.40      44.4
602.50      44.2
602.60      44.2
602.70      44.2
602.80      44.2
602.90      44.0
603.00      44.0
603.10      43.7
603.20      43.7
603.30      43.7
603.40      43.5
603.50      43.5
603.60      43.5
603.70      43.5
603.80      43.2
603.90      43.2
604.00      43.2
604.10      43.0
604.20      43.0
604.30      43.0
604.40      43.0
604.50      42.7
604.60      42.7
604.70      42.5
604.80      42.5
604.90      42.5
605.00      42.2
605.10      42.2
605.20      42.2
605.30      42.0
605.40      42.0
605.50      41.8
605.60      41.5
605.70      41.5
605.80      41.5
605.90      41.5
606.00      41.5
606.10      41.3
606.20      41.3
606.30      41.3
606.40      41.3
606.50      41.3
606.60      41.0
606.70      41.0
606.80      41.0
606.90      40.8
607.00      40.8
607.10      40.8
607.20      40.8
607.30      40.5
607.40      40.5
607.50      40.5
607.60      40.3
607.70      40.3
607.80      40.3
607.90      40.0
608.00      40.0
608.10      39.8
608.20      39.8
608.30      39.8
608.40      39.8
608.50      39.6
608.60      39.6
608.70      39.6
608.80      39.3
608.90      39.3
609.00      39.3
609.10      39.1
609.20      39.1
609.30      38.8
609.40      38.8
609.50      38.8
609.60      38.6
609.70      38.6
609.80      38.6
609.90      38.6
610.00      38.3
610.10      38.3
610.20      38.1
610.30      38.1
610.40      38.1
610.50      38.1
610.60      37.9
610.70      37.9
610.80      37.6
610.90      37.6
611.00      37.6
611.10      37.6
611.20      37.6
611.30      37.4
611.40      37.4
611.50      37.4
611.60      37.1
611.70      37.1
611.80      37.1
611.90      37.1
612.00      36.9
612.10      36.9
612.20      36.9
612.30      36.9
612.40      36.6
612.50      36.6
612.60      36.4
612.70      36.4
612.80      36.4
612.90      36.4
613.00      36.4
613.10      36.1
613.20      36.1
613.30      36.1
613.40      35.9
613.50      35.9
613.60      35.9
613.70      35.9
613.80      35.7
613.90      35.7
614.00      35.4
614.10      35.7
614.20      35.4
614.30      35.4
614.40      35.4
614.50      35.4
614.60      35.2
614.70      35.2
614.80      35.2
614.90      34.9
615.00      34.9
615.10      34.9
615.20      34.9
615.30      34.7
615.40      34.7
615.50      34.4
615.60      34.4
615.70      34.4
615.80      34.4
615.90      34.2
616.00      34.2
616.10      33.9
616.20      33.9
616.30      33.9
616.40      33.9
616.50      33.7
616.60      33.7
616.70      33.7
616.80      33.7
616.90      33.5
617.00      33.5
617.10      33.5
617.20      33.2
617.30      33.2
617.40      33.2
617.50      33.0
617.60      33.0
617.70      33.0
617.80      33.0
617.90      32.7
618.00      32.7
618.10      32.7
618.20      32.7
618.30      32.7
618.40      32.5
618.50      32.5
618.60      32.5
618.70      32.5
618.80      32.2
618.90      32.2
619.00      32.2
619.10      32.0
619.20      32.0
619.30      32.0
619.40      31.7
619.50      31.7
619.60      31.7
619.70      31.7
619.80      31.5
619.90      31.5
620.00      31.5
620.10      31.5
620.20      31.3
620.30      31.3
620.40      31.3
620.50      31.3
620.60      31.0
620.70      31.0
620.80      31.0
620.90      30.8
621.00      30.8
621.10      30.8
621.20      30.5
621.30      30.5
621.40      30.5
621.50      30.5
621.60      30.3
621.70      30.3
621.80      30.3
621.90      30.0
622.00      30.0
622.10      30.0
622.20      30.0
622.30      30.0
622.40      30.0
622.50      29.8
622.60      29.8
622.70      29.8
622.80      29.8
622.90      29.8
623.00      29.5
623.10      29.5
623.20      29.5
623.30      29.5
623.40      29.3
623.50      29.3
623.60      29.3
623.70      29.3
623.80      29.3
623.90      29.1
624.00      29.1
624.10      29.1
624.20      28.8
624.30      28.8
624.40      28.8
624.50      28.6
624.60      28.6
624.70      28.6
624.80      28.6
624.90      28.6
625.00      28.6
625.10      28.3
625.20      28.3
625.30      28.3
625.40      28.1
625.50      28.1
625.60      28.1
625.70      28.1
625.80      27.8
625.90      27.8
626.00      27.8
626.10      27.8
626.20      27.6
626.30      27.6
626.40      27.6
626.50      27.4
626.60      27.4
626.70      27.4
626.80      27.4
626.90      27.4
627.00      27.1
627.10      27.1
627.20      27.1
627.30      27.1
627.40      27.1
627.50      26.9
627.60      26.9
627.70      26.9
627.80      26.6
627.90      26.6
628.00      26.6
628.10      26.6
628.20      26.4
628.30      26.4
628.40      26.4
628.50      26.4
628.60      26.4
628.70      26.1
628.80      26.4
628.90      26.1
629.00      26.1
629.10      25.9
629.20      25.9
629.30      25.9
629.40      25.9
629.50      25.6
629.60      25.6
629.70      25.6
629.80      25.6
629.90      25.6
630.00      25.6
630.10      25.4
630.20      25.4
630.30      25.4
630.40      25.4
630.50      25.4
630.60      25.2
630.70      25.2
630.80      25.2
630.90      25.2
631.00      25.2
631.10      25.2
631.20      24.9
631.30      24.9
631.40      24.9
631.50      24.9
631.60      24.7
631.70      24.7
631.80      24.7
631.90      24.7
632.00      24.7
632.10      24.4
632.20      24.4
632.30      24.4
632.40      24.4
632.50      24.4
632.60      24.4
632.70      24.2
632.80      24.2
632.90      24.2
633.00      24.2
633.10      23.9
633.20      23.9
633.30      23.9
633.40      23.9
633.50      23.9
633.60      23.9
633.70      23.9
633.80      23.7
633.90      23.7
634.00      23.7
634.10      23.7
634.20      23.7
634.30      23.4
634.40      23.4
634.50      23.4
634.60      23.4
634.70      23.4
634.80      23.2
634.90      23.2
635.00      23.2
635.10      23.2
635.20      23.0
635.30      23.0
635.40      23.0
635.50      23.0
635.60      23.0
635.70      23.0
635.80      23.0
635.90      22.7
636.00      22.7
636.10      22.7
636.20      22.7
636.30      22.7
636.40      22.7
636.50      22.5
636.60      22.5
636.70      22.5
636.80      22.5
636.90      22.5
637.00      22.2
637.10      22.2
637.20      22.2
637.30      22.2
637.40      22.0
637.50      22.0
637.60      22.0
637.70      22.0
637.80      22.0
637.90      22.0
638.00      21.7
638.10      22.0
638.20      21.7
638.30      21.7
638.40      21.7
638.50      21.7
638.60      21.5
638.70      21.5
638.80      21.5
638.90      21.5
639.00      21.5
639.10      21.5
639.20      21.2
639.30      21.2
639.40      21.2
639.50      21.2
639.60      21.2
639.70      21.2
639.80      21.0
639.90      21.0
640.00      21.0
640.10      21.0
640.20      21.0
640.30      21.0
640.40      20.8
640.50      20.8
640.60      20.8
640.70      20.8
640.80      20.8
640.90      20.8
641.00      20.5
641.10      20.5
641.20      20.5
641.30      20.5
641.40      20.5
641.50      20.5
641.60      20.3
641.70      20.3
641.80      20.3
641.90      20.0
642.00      20.3
642.10      20.0
642.20      20.0
642.30      20.0
642.40      20.0
642.50      19.8
642.60      20.0
642.70      20.0
642.80      19.8
642.90      19.8
643.00      19.8
643.10      19.8
643.20      19.8
643.30      19.8
643.40      19.5
643.50      19.5
643.60      19.5
643.70      19.5
643.80      19.5
643.90      19.5
644.00      19.5
644.10      19.5
644.20      19.3
644.30      19.3
644.40      19.3
644.50      19.3
644.60      19.3
644.70      19.3
644.80      19.0
644.90      19.0
645.00      19.0
645.10      19.0
645.20      18.8
645.30      18.8
645.40      18.8
645.50      18.8
645.60      18.8
645.70      18.8
645.80      18.8
645.90      18.8
646.00      18.6
646.10      18.6
646.20      18.6
646.30      18.6
646.40      18.6
646.50      18.6
646.60      18.6
646.70      18.3
646.80      18.6
646.90      18.6
647.00      18.3
647.10      18.3
647.20      18.3
647.30      18.3
647.40      18.3
647.50      18.3
647.60      18.3
647.70      18.1
647.80      18.1
647.90      18.1
648.00      18.1
648.10      18.1
648.20      18.1
648.30      17.8
648.40      17.8
648.50      17.8
648.60      17.8
648.70      17.8
648.80      17.8
648.90      17.8
649.00      17.6
649.10      17.6
649.20      17.6
649.30      17.6
649.40      17.6
649.50      17.6
649.60      17.6
649.70      17.6
649.80      17.6
649.90      17.3
650.00      17.3
