400.00      6.3
400.10      6.3
400.20      6.3
400.30      6.3
400.40      6.3
400.50      6.3
400.60      6.3
400.70      6.3
400.80      6.3
400.90      6.3
401.00      6.3
401.10      6.3
401.20      6.3
401.30      6.3
401.40      6.3
401.50      6.3
401.60      6.3
401.70      6.3
401.80      6.3
401.90      6.3
402.00      6.3
402.10      6.3
402.20      6.3
402.30      6.3
402.40      6.3
402.50      6.3
402.60      6.3
402.70      6.3
402.80      6.3
402.90      6.3
403.00      6.3
403.10      6.3
403.20      6.3
403.30      6.3
403.40      6.3
403.50      6.3
403.60      6.3
403.70      6.3
403.80      6.3
403.90      6.3
404.00      6.3
404.10      6.3
404.20      6.3
404.30      6.3
404.40      6.3
404.50      6.3
404.60      6.3
404.70      6.3
404.80      6.3
404.90      6.3
405.00      6.3
405.10      6.3
405.20      6.3
405.30      6.3
405.40      6.3
405.50      6.3
405.60      6.3
405.70      6.3
405.80      6.3
405.90      6.3
406.00      6.3
406.10      6.3
406.20      6.3
406.30      6.3
406.40      6.3
406.50      6.3
406.60      6.3
406.70      6.3
406.80      6.3
406.90      6.3
407.00      6.3
407.10      6.3
407.20      6.3
407.30      6.3
407.40      6.3
407.50      6.3
407.60      6.3
407.70      6.3
407.80      6.3
407.90      6.3
408.00      6.3
408.10      6.3
408.20      6.3
408.30      6.3
408.40      6.3
408.50      6.3
408.60      6.3
408.70      6.3
408.80      6.3
408.90      6.3
409.00      6.3
409.10      6.3
409.20      6.3
409.30      6.3
409.40      6.3
409.50      6.3
409.60      6.3
409.70      6.3
409.80      6.3
409.90      6.3
410.00      6.3
410.10      6.3
410.20      6.3
410.30      6.3
410.40      6.3
410.50      6.3
410.60      6.3
410.70      6.3
410.80      6.3
410.90      6.3
411.00      6.3
411.10      6.3
411.20      6.3
411.30      6.3
411.40      6.3
411.50      6.3
411.60      6.3
411.70      6.3
411.80      6.3
411.90      6.3
412.00      6.3
412.10      6.3
412.20      6.3
412.30      6.3
412.40      6.3
412.50      6.3
412.60      6.3
412.70      6.3
412.80      6.3
412.90      6.3
413.00      6.3
413.10      6.3
413.20      6.3
413.30      6.3
413.40      6.3
413.50      6.3
413.60      6.3
413.70      6.3
413.80      6.3
413.90      6.3
414.00      6.3
414.10      6.3
414.20      6.3
414.30      6.3
414.40      6.3
414.50      6.3
414.60      6.3
414.70      6.3
414.80      6.3
414.90      6.3
415.00      6.3
415.10      6.3
415.20      6.3
415.30      6.3
415.40      6.3
415.50      6.3
415.60      6.3
415.70      6.3
415.80      6.3
415.90      6.3
416.00      6.3
416.10      6.3
416.20      6.3
416.30      6.3
416.40      6.3
416.50      6.3
416.60      6.3
416.70      6.3
416.80      6.3
416.90      6.3
417.00      6.3
417.10      6.3
417.20      6.3
417.30      6.3
417.40      6.3
417.50      6.3
417.60      6.3
417.70      6.3
417.80      6.3
417.90      6.3
418.00      6.3
418.10      6.3
418.20      6.3
418.30      6.3
418.40      6.3
418.50      6.3
418.60      6.3
418.70      6.3
418.80      6.3
418.90      6.3
419.00      6.3
419.10      6.3
419.20      6.3
419.30      6.3
419.40      6.3
419.50      6.3
419.60      6.3
419.70      6.3
419.80      6.3
419.90      6.3
420.00      6.3
420.10      6.3
420.20      6.3
420.30      6.3
420.40      6.3
420.50      6.3
420.60      6.3
420.70      6.3
420.80      6.3
420.90      6.3
421.00      6.3
421.10      6.3
421.20      6.3
421.30      6.3
421.40      6.3
421.50      6.3
421.60      6.3
421.70      6.3
421.80      6.3
421.90      6.3
422.00      6.3
422.10      6.3
422.20      6.3
422.30      6.3
422.40      6.3
422.50      6.3
422.60      6.3
422.70      6.3
422.80      6.3
422.90      6.3
423.00      6.3
423.10      6.3
423.20      6.3
423.30      6.3
423.40      6.3
423.50      6.3
423.60      6.3
423.70      6.3
423.80      6.3
423.90      6.3
424.00      6.3
424.10      6.3
424.20      6.3
424.30      6.3
424.40      6.3
424.50      6.3
424.60      6.3
424.70      6.3
424.80      6.3
424.90      6.3
425.00      6.3
425.10      6.3
425.20      6.3
425.30      6.3
425.40      6.3
425.50      6.3
425.60      6.3
425.70      6.3
425.80      6.3
425.90      6.3
426.00      6.3
426.10      6.3
426.20      6.6
426.30      6.3
426.40      6.6
426.50      6.3
426.60      6.6
426.70      6.3
426.80      6.3
426.90      6.3
427.00      6.3
427.10      6.3
427.20      6.6
427.30      6.3
427.40      6.3
427.50      6.3
427.60      6.3
427.70      6.3
427.80      6.3
427.90      6.3
428.00      6.3
428.10      6.3
428.20      6.3
428.30      6.3
428.40      6.3
428.50      6.3
428.60      6.3
428.70      6.3
428.80      6.3
428.90      6.3
429.00      6.3
429.10      6.3
429.20      6.3
429.30      6.3
429.40      6.3
429.50      6.3
429.60      6.3
429.70      6.3
429.80      6.3
429.90      6.3
430.00      6.3
430.10      6.3
430.20      6.3
430.30      6.3
430.40      6.3
430.50      6.3
430.60      6.3
430.70      6.3
430.80      6.3
430.90      6.3
431.00      6.3
431.10      6.3
431.20      6.3
431.30      6.3
431.40      6.3
431.50      6.3
431.60      6.3
431.70      6.3
431.80      6.3
431.90      6.3
432.00      6.3
432.10      6.3
432.20      6.3
432.30      6.3
432.40      6.3
432.50      6.3
432.60      6.3
432.70      6.3
432.80      6.3
432.90      6.3
433.00      6.3
433.10      6.3
433.20      6.3
433.30      6.3
433.40      6.3
433.50      6.3
433.60      6.3
433.70      6.3
433.80      6.3
433.90      6.3
434.00      6.3
434.10      6.3
434.20      6.3
434.30      6.3
434.40      6.3
434.50      6.3
434.60      6.3
434.70      6.3
434.80      6.3
434.90      6.3
435.00      6.3
435.10      6.3
435.20      6.3
435.30      6.3
435.40      6.3
435.50      6.3
435.60      6.3
435.70      6.3
435.80      6.3
435.90      6.3
436.00      6.3
436.10      6.3
436.20      6.3
436.30      6.3
436.40      6.3
436.50      6.3
436.60      6.3
436.70      6.3
436.80      6.3
436.90      6.3
437.00      6.3
437.10      6.3
437.20      6.3
437.30      6.3
437.40      6.3
437.50      6.3
437.60      6.3
437.70      6.3
437.80      6.3
437.90      6.3
438.00      6.3
438.10      6.3
438.20      6.3
438.30      6.3
438.40      6.3
438.50      6.3
438.60      6.3
438.70      6.3
438.80      6.3
438.90      6.3
439.00      6.3
439.10      6.3
439.20      6.3
439.30      6.3
439.40      6.3
439.50      6.3
439.60      6.3
439.70      6.3
439.80      6.3
439.90      6.3
440.00      6.3
440.10      6.6
440.20      6.3
440.30      6.3
440.40      6.3
440.50      6.3
440.60      6.3
440.70      6.3
440.80      6.3
440.90      6.3
441.00      6.3
441.10      6.3
441.20      6.3
441.30      6.3
441.40      6.3
441.50      6.3
441.60      6.3
441.70      6.3
441.80      6.3
441.90      6.3
442.00      6.3
442.10      6.3
442.20      6.3
442.30      6.3
442.40      6.3
442.50      6.3
442.60      6.3
442.70      6.3
442.80      6.3
442.90      6.3
443.00      6.6
443.10      6.3
443.20      6.3
443.30      6.3
443.40      6.3
443.50      6.3
443.60      6.3
443.70      6.3
443.80      6.3
443.90      6.3
444.00      6.6
444.10      6.3
444.20      6.3
444.30      6.3
444.40      6.6
444.50      6.3
444.60      6.6
444.70      6.3
444.80      6.6
444.90      6.3
445.00      6.6
445.10      6.3
445.20      6.3
445.30      6.3
445.40      6.6
445.50      6.6
445.60      6.6
445.70      6.6
445.80      6.6
445.90      6.6
446.00      6.6
446.10      6.6
446.20      6.6
446.30      6.6
446.40      6.6
446.50      6.6
446.60      6.6
446.70      6.6
446.80      6.6
446.90      6.6
447.00      6.6
447.10      6.6
447.20      6.6
447.30      6.6
447.40      6.6
447.50      6.6
447.60      6.6
447.70      6.6
447.80      6.6
447.90      6.6
448.00      6.6
448.10      6.6
448.20      6.6
448.30      6.6
448.40      6.6
448.50      6.6
448.60      6.6
448.70      6.6
448.80      6.6
448.90      6.6
449.00      6.6
449.10      6.6
449.20      6.6
449.30      6.6
449.40      6.6
449.50      6.6
449.60      6.6
449.70      6.6
449.80      6.6
449.90      6.6
450.00      6.6
450.10      6.6
450.20      6.6
450.30      6.6
450.40      6.6
450.50      6.6
450.60      6.6
450.70      6.6
450.80      6.6
450.90      6.6
451.00      6.6
451.10      6.6
451.20      6.6
451.30      6.6
451.40      6.6
451.50      6.6
451.60      6.6
451.70      6.6
451.80      6.6
451.90      6.6
452.00      6.6
452.10      6.6
452.20      6.6
452.30      6.6
452.40      6.6
452.50      6.6
452.60      6.6
452.70      6.6
452.80      6.6
452.90      6.6
453.00      6.6
453.10      6.6
453.20      6.6
453.30      6.6
453.40      6.6
453.50      6.6
453.60      6.6
453.70      6.6
453.80      6.6
453.90      6.6
454.00      6.6
454.10      6.6
454.20      6.6
454.30      6.6
454.40      6.6
454.50      6.6
454.60      6.6
454.70      6.6
454.80      6.6
454.90      6.6
455.00      6.6
455.10      6.6
455.20      6.6
455.30      6.6
455.40      6.6
455.50      6.6
455.60      6.6
455.70      6.6
455.80      6.6
455.90      6.6
456.00      6.6
456.10      6.6
456.20      6.6
456.30      6.6
456.40      6.6
456.50      6.6
456.60      6.6
456.70      6.6
456.80      6.6
456.90      6.6
457.00      6.6
457.10      6.6
457.20      6.6
457.30      6.6
457.40      6.6
457.50      6.6
457.60      6.6
457.70      6.6
457.80      6.6
457.90      6.6
458.00      6.6
458.10      6.8
458.20      6.8
458.30      6.6
458.40      6.8
458.50      6.8
458.60      6.8
458.70      6.8
458.80      6.8
458.90      6.8
459.00      6.8
459.10      6.8
459.20      6.8
459.30      6.8
459.40      6.8
459.50      6.8
459.60      6.8
459.70      6.8
459.80      6.8
459.90      6.8
460.00      6.8
460.10      6.8
460.20      6.8
460.30      6.8
460.40      6.8
460.50      6.8
460.60      6.8
460.70      6.8
460.80      6.8
460.90      6.8
461.00      6.8
461.10      6.8
461.20      6.8
461.30      6.8
461.40      6.8
461.50      6.8
461.60      6.8
461.70      6.8
461.80      6.8
461.90      6.8
462.00      6.8
462.10      6.8
462.20      6.8
462.30      6.8
462.40      6.8
462.50      6.8
462.60      6.8
462.70      7.1
462.80      7.1
462.90      7.1
463.00      7.1
463.10      7.1
463.20      7.1
463.30      7.1
463.40      7.1
463.50      7.1
463.60      7.1
463.70      7.1
463.80      7.1
463.90      7.1
464.00      7.1
464.10      7.1
464.20      7.1
464.30      7.1
464.40      7.1
464.50      7.1
464.60      7.1
464.70      7.1
464.80      7.1
464.90      7.1
465.00      7.1
465.10      7.1
465.20      7.1
465.30      7.1
465.40      7.3
465.50      7.1
465.60      7.3
465.70      7.1
465.80      7.3
465.90      7.3
466.00      7.3
466.10      7.3
466.20      7.3
466.30      7.3
466.40      7.3
466.50      7.3
466.60      7.3
466.70      7.3
466.80      7.3
466.90      7.3
467.00      7.3
467.10      7.3
467.20      7.3
467.30      7.3
467.40      7.3
467.50      7.6
467.60      7.6
467.70      7.6
467.80      7.6
467.90      7.6
468.00      7.6
468.10      7.6
468.20      7.6
468.30      7.6
468.40      7.6
468.50      7.6
468.60      7.6
468.70      7.6
468.80      7.8
468.90      7.8
469.00      7.8
469.10      7.8
469.20      7.8
469.30      7.8
469.40      7.8
469.50      7.8
469.60      7.8
469.70      7.8
469.80      7.8
469.90      8.1
470.00      8.1
470.10      8.1
470.20      8.1
470.30      8.1
470.40      8.1
470.50      8.1
470.60      8.1
470.70      8.1
470.80      8.1
470.90      8.1
471.00      8.1
471.10      8.1
471.20      8.3
471.30      8.3
471.40      8.3
471.50      8.3
471.60      8.3
471.70      8.3
471.80      8.3
471.90      8.3
472.00      8.3
472.10      8.3
472.20      8.3
472.30      8.3
472.40      8.5
472.50      8.5
472.60      8.5
472.70      8.5
472.80      8.5
472.90      8.5
473.00      8.5
473.10      8.5
473.20      8.5
473.30      8.8
473.40      8.8
473.50      8.8
473.60      8.8
473.70      8.8
473.80      8.8
473.90      8.8
474.00      8.8
474.10      9.0
474.20      8.8
474.30      9.0
474.40      9.0
474.50      9.0
474.60      9.0
474.70      9.0
474.80      9.0
474.90      9.3
475.00      9.0
475.10      9.3
475.20      9.3
475.30      9.3
475.40      9.3
475.50      9.3
475.60      9.3
475.70      9.5
475.80      9.5
475.90      9.5
476.00      9.5
476.10      9.5
476.20      9.8
476.30      9.8
476.40      9.8
476.50      9.8
476.60      9.8
476.70      9.8
476.80      9.8
476.90      10.0
477.00      10.0
477.10      10.0
477.20      10.0
477.30      10.0
477.40      10.0
477.50      10.3
477.60      10.3
477.70      10.3
477.80      10.3
477.90      10.3
478.00      10.5
478.10      10.5
478.20      10.5
478.30      10.5
478.40      10.5
478.50      10.7
478.60      10.7
478.70      10.7
478.80      10.7
478.90      10.7
479.00      11.0
479.10      11.0
479.20      11.0
479.30      11.0
479.40      11.0
479.50      11.2
479.60      11.2
479.70      11.2
479.80      11.2
479.90      11.2
480.00      11.5
480.10      11.5
480.20      11.5
480.30      11.7
480.40      11.7
480.50      11.7
480.60      12.0
480.70      12.0
480.80      12.0
480.90      12.0
481.00      12.2
481.10      12.2
481.20      12.2
481.30      12.2
481.40      12.5
481.50      12.5
481.60      12.5
481.70      12.7
481.80      12.7
481.90      12.7
482.00      12.7
482.10      12.9
482.20      12.9
482.30      12.9
482.40      13.2
482.50      13.2
482.60      13.2
482.70      13.4
482.80      13.4
482.90      13.4
483.00      13.7
483.10      13.7
483.20      13.9
483.30      13.9
483.40      13.9
483.50      14.2
483.60      14.2
483.70      14.2
483.80      14.4
483.90      14.4
484.00      14.4
484.10      14.7
484.20      14.7
484.30      14.9
484.40      14.9
484.50      14.9
484.60      15.1
484.70      15.1
484.80      15.1
484.90      15.4
485.00      15.4
485.10      15.6
485.20      15.6
485.30      15.6
485.40      15.9
485.50      15.9
485.60      16.1
485.70      16.1
485.80      16.4
485.90      16.4
486.00      16.6
486.10      16.6
486.20      16.8
486.30      16.6
486.40      16.8
486.50      16.8
486.60      17.1
486.70      17.1
486.80      17.3
486.90      17.3
487.00      17.6
487.10      17.6
487.20      17.8
487.30      17.8
487.40      18.1
487.50      18.1
487.60      18.3
487.70      18.3
487.80      18.6
487.90      18.6
488.00      18.8
488.10      18.8
488.20      19.0
488.30      19.0
488.40      19.3
488.50      19.5
488.60      19.5
488.70      19.8
488.80      20.0
488.90      20.0
489.00      20.3
489.10      20.5
489.20      20.5
489.30      20.8
489.40      20.8
489.50      21.0
489.60      21.2
489.70      21.2
489.80      21.5
489.90      21.7
490.00      22.0
490.10      22.0
490.20      22.2
490.30      22.5
490.40      22.7
490.50      22.7
490.60      23.0
490.70      23.2
490.80      23.4
490.90      23.7
491.00      23.9
491.10      24.2
491.20      24.2
491.30      24.4
491.40      24.7
491.50      24.9
491.60      24.9
491.70      25.2
491.80      25.4
491.90      25.6
492.00      25.9
492.10      25.9
492.20      26.1
492.30      26.4
492.40      26.6
492.50      26.9
492.60      27.1
492.70      27.4
492.80      27.6
492.90      27.8
493.00      28.1
493.10      28.3
493.20      28.3
493.30      28.6
493.40      28.8
493.50      29.1
493.60      29.3
493.70      29.3
493.80      29.8
493.90      29.8
494.00      30.0
494.10      30.3
494.20      30.5
494.30      30.8
494.40      31.3
494.50      31.5
494.60      31.7
494.70      31.7
494.80      32.0
494.90      32.2
495.00      32.5
495.10      32.7
495.20      33.0
495.30      33.2
495.40      33.5
495.50      33.7
495.60      33.9
495.70      34.2
495.80      34.4
495.90      34.7
496.00      35.2
496.10      35.4
496.20      35.7
496.30      35.9
496.40      36.1
496.50      36.4
496.60      36.6
496.70      37.1
496.80      37.4
496.90      37.9
497.00      37.9
497.10      38.3
497.20      38.6
497.30      39.1
497.40      39.3
497.50      39.6
497.60      39.8
497.70      40.3
497.80      40.5
497.90      41.0
498.00      41.3
498.10      41.5
498.20      41.8
498.30      42.2
498.40      42.7
498.50      43.2
498.60      43.5
498.70      43.7
498.80      44.0
498.90      44.4
499.00      44.7
499.10      45.2
499.20      45.4
499.30      45.9
499.40      46.2
499.50      46.4
499.60      46.9
499.70      47.4
499.80      47.6
499.90      48.1
500.00      48.4
500.10      48.8
500.20      49.1
500.30      49.6
500.40      49.8
500.50      50.1
500.60      50.5
500.70      50.8
500.80      51.3
500.90      51.5
501.00      51.8
501.10      52.0
501.20      52.5
501.30      52.7
501.40      53.2
501.50      53.5
501.60      54.0
501.70      54.2
501.80      54.5
501.90      54.9
502.00      55.2
502.10      55.7
502.20      55.9
502.30      56.2
502.40      56.7
502.50      56.9
502.60      57.4
502.70      57.6
502.80      57.9
502.90      58.4
503.00      58.6
503.10      59.1
503.20      59.3
503.30      59.6
503.40      60.1
503.50      60.3
503.60      60.6
503.70      60.8
503.80      61.3
503.90      61.5
504.00      62.0
504.10      62.3
504.20      62.8
504.30      63.0
504.40      63.2
504.50      63.7
504.60      64.0
504.70      64.2
504.80      64.7
504.90      65.0
505.00      65.4
505.10      65.7
505.20      65.9
505.30      66.4
505.40      66.7
505.50      66.9
505.60      67.4
505.70      67.6
505.80      67.9
505.90      68.1
506.00      68.6
506.10      68.9
506.20      69.1
506.30      69.4
506.40      69.6
506.50      70.1
506.60      70.6
506.70      70.8
506.80      71.1
506.90      71.1
507.00      71.6
507.10      71.8
507.20      72.0
507.30      72.3
507.40      72.8
507.50      73.0
507.60      73.3
507.70      73.5
507.80      73.5
507.90      73.7
508.00      74.0
508.10      74.2
508.20      74.5
508.30      74.5
508.40      74.7
508.50      75.0
508.60      75.2
508.70      75.2
508.80      75.5
508.90      75.5
509.00      75.7
509.10      76.2
509.20      76.2
509.30      76.2
509.40      76.4
509.50      76.4
509.60      76.7
509.70      76.7
509.80      76.9
509.90      76.9
510.00      77.2
510.10      77.2
510.20      77.4
510.30      77.4
510.40      77.4
510.50      77.7
510.60      77.7
510.70      77.7
510.80      77.9
510.90      77.7
511.00      77.9
511.10      77.9
511.20      77.9
511.30      78.1
511.40      78.1
511.50      78.1
511.60      78.1
511.70      78.4
511.80      78.1
511.90      78.1
512.00      78.4
512.10      78.4
512.20      78.1
512.30      78.4
512.40      78.1
512.50      78.1
512.60      78.1
512.70      78.1
512.80      78.1
512.90      78.1
513.00      77.9
513.10      77.9
513.20      77.9
513.30      77.7
513.40      77.7
513.50      77.4
513.60      77.4
513.70      77.4
513.80      77.2
513.90      77.2
514.00      77.2
514.10      76.9
514.20      76.7
514.30      76.7
514.40      76.4
514.50      76.4
514.60      76.2
514.70      75.9
514.80      75.7
514.90      75.7
515.00      75.7
515.10      75.5
515.20      75.2
515.30      75.0
515.40      75.0
515.50      74.7
515.60      74.5
515.70      74.2
515.80      74.0
515.90      74.0
516.00      73.7
516.10      73.5
516.20      73.3
516.30      73.0
516.40      72.8
516.50      72.5
516.60      72.3
516.70      71.8
516.80      71.8
516.90      71.6
517.00      71.3
517.10      71.1
517.20      70.8
517.30      70.6
517.40      70.3
517.50      70.1
517.60      69.8
517.70      69.6
517.80      69.4
517.90      69.1
518.00      68.6
518.10      68.6
518.20      68.4
518.30      68.1
518.40      67.9
518.50      67.6
518.60      67.4
518.70      67.2
518.80      66.7
518.90      66.7
519.00      66.2
519.10      65.9
519.20      65.7
519.30      65.4
519.40      65.2
519.50      65.0
519.60      64.7
519.70      64.5
519.80      64.2
519.90      64.0
520.00      63.7
520.10      63.5
520.20      63.0
520.30      62.8
520.40      62.8
520.50      62.3
520.60      61.8
520.70      61.5
520.80      61.3
520.90      61.1
521.00      60.8
521.10      60.3
521.20      60.1
521.30      59.8
521.40      59.6
521.50      59.1
521.60      58.9
521.70      58.6
521.80      58.4
521.90      57.9
522.00      57.4
522.10      57.4
522.20      56.9
522.30      56.7
522.40      56.2
522.50      55.9
522.60      55.7
522.70      55.4
522.80      55.2
522.90      54.7
523.00      54.5
523.10      54.0
523.20      54.0
523.30      53.5
523.40      53.2
523.50      53.0
523.60      52.7
523.70      52.5
523.80      52.3
523.90      52.0
524.00      51.8
524.10      51.5
524.20      51.3
524.30      51.0
524.40      50.8
524.50      50.3
524.60      50.1
524.70      49.8
524.80      49.6
524.90      49.3
525.00      49.1
525.10      48.8
525.20      48.6
525.30      48.4
525.40      48.1
525.50      47.9
525.60      47.6
525.70      47.4
525.80      47.1
525.90      46.9
526.00      46.6
526.10      46.4
526.20      46.2
526.30      45.9
526.40      45.7
526.50      45.4
526.60      45.2
526.70      44.9
526.80      44.7
526.90      44.7
527.00      44.4
527.10      44.2
527.20      44.0
527.30      43.7
527.40      43.5
527.50      43.2
527.60      43.0
527.70      42.7
527.80      42.5
527.90      42.2
528.00      42.2
528.10      42.0
528.20      41.8
528.30      41.5
528.40      41.3
528.50      41.0
528.60      41.0
528.70      40.5
528.80      40.5
528.90      40.3
529.00      40.3
529.10      39.8
529.20      39.8
529.30      39.6
529.40      39.3
529.50      39.1
529.60      38.8
529.70      38.6
529.80      38.3
529.90      38.3
530.00      38.1
530.10      37.9
530.20      37.6
530.30      37.4
530.40      37.1
530.50      36.9
530.60      36.6
530.70      36.4
530.80      36.4
530.90      36.1
531.00      36.1
531.10      35.9
531.20      35.7
531.30      35.7
531.40      35.4
531.50      35.2
531.60      34.9
531.70      34.7
531.80      34.7
531.90      34.4
532.00      34.2
532.10      33.9
532.20      33.9
532.30      33.7
532.40      33.5
532.50      33.2
532.60      33.2
532.70      33.0
532.80      32.7
532.90      32.7
533.00      32.5
533.10      32.5
533.20      32.2
533.30      32.0
533.40      32.0
533.50      31.7
533.60      31.5
533.70      31.5
533.80      31.3
533.90      31.0
534.00      31.0
534.10      30.8
534.20      30.5
534.30      30.5
534.40      30.3
534.50      30.0
534.60      30.0
534.70      29.8
534.80      29.5
534.90      29.5
535.00      29.3
535.10      29.3
535.20      29.1
535.30      29.1
535.40      28.8
535.50      28.6
535.60      28.6
535.70      28.3
535.80      28.3
535.90      28.1
536.00      28.1
536.10      27.8
536.20      27.8
536.30      27.6
536.40      27.6
536.50      27.4
536.60      27.1
536.70      27.1
536.80      26.9
536.90      26.6
537.00      26.4
537.10      26.4
537.20      26.1
537.30      26.1
537.40      25.9
537.50      25.9
537.60      25.6
537.70      25.6
537.80      25.4
537.90      25.4
538.00      25.2
538.10      24.9
538.20      24.7
538.30      24.7
538.40      24.4
538.50      24.4
538.60      24.2
538.70      24.2
538.80      23.9
538.90      23.9
539.00      23.7
539.10      23.7
539.20      23.4
539.30      23.4
539.40      23.2
539.50      23.2
539.60      23.0
539.70      23.0
539.80      22.7
539.90      22.7
540.00      22.5
540.10      22.5
540.20      22.2
540.30      22.0
540.40      22.0
540.50      22.0
540.60      21.7
540.70      21.7
540.80      21.5
540.90      21.5
541.00      21.2
541.10      21.2
541.20      21.2
541.30      21.0
541.40      21.0
541.50      20.8
541.60      20.8
541.70      20.5
541.80      20.5
541.90      20.5
542.00      20.3
542.10      20.3
542.20      20.0
542.30      20.0
542.40      20.0
542.50      19.8
542.60      19.8
542.70      19.8
542.80      19.5
542.90      19.5
543.00      19.3
543.10      19.3
543.20      19.0
543.30      19.0
543.40      19.0
543.50      18.8
543.60      18.8
543.70      18.8
543.80      18.6
543.90      18.6
544.00      18.3
544.10      18.3
544.20      18.3
544.30      18.1
544.40      18.1
544.50      18.1
544.60      17.8
544.70      17.8
544.80      17.8
544.90      17.6
545.00      17.6
545.10      17.6
545.20      17.3
545.30      17.3
545.40      17.1
545.50      17.1
545.60      17.1
545.70      17.1
545.80      16.8
545.90      16.8
546.00      16.8
546.10      16.6
546.20      16.6
546.30      16.6
546.40      16.4
546.50      16.4
546.60      16.4
546.70      16.1
546.80      16.1
546.90      16.1
547.00      16.1
547.10      15.9
547.20      15.9
547.30      15.6
547.40      15.6
547.50      15.6
547.60      15.4
547.70      15.4
547.80      15.4
547.90      15.1
548.00      15.1
548.10      14.9
548.20      15.1
548.30      14.9
548.40      14.9
548.50      14.9
548.60      14.9
548.70      14.7
548.80      14.7
548.90      14.4
549.00      14.7
549.10      14.4
549.20      14.4
549.30      14.2
549.40      14.4
549.50      14.2
549.60      14.2
549.70      13.9
549.80      14.2
549.90      13.9
550.00      13.9
550.10      13.7
550.20      13.9
550.30      13.7
550.40      13.7
550.50      13.7
550.60      13.7
550.70      13.7
550.80      13.4
550.90      13.4
551.00      13.4
551.10      13.4
551.20      13.4
551.30      13.2
551.40      13.2
551.50      13.2
551.60      13.2
551.70      13.2
551.80      13.2
551.90      12.9
552.00      12.9
552.10      12.9
552.20      12.9
552.30      12.9
552.40      12.7
552.50      12.7
552.60      12.7
552.70      12.7
552.80      12.7
552.90      12.7
553.00      12.5
553.10      12.5
553.20      12.5
553.30      12.5
553.40      12.5
553.50      12.2
553.60      12.2
553.70      12.2
553.80      12.2
553.90      12.2
554.00      12.2
554.10      12.0
554.20      12.0
554.30      12.0
554.40      12.0
554.50      12.0
554.60      11.7
554.70      11.7
554.80      11.7
554.90      11.7
555.00      11.7
555.10      11.7
555.20      11.5
555.30      11.5
555.40      11.5
555.50      11.5
555.60      11.5
555.70      11.2
555.80      11.2
555.90      11.2
556.00      11.2
556.10      11.2
556.20      11.2
556.30      11.2
556.40      11.0
556.50      11.0
556.60      11.0
556.70      11.0
556.80      11.0
556.90      11.0
557.00      11.0
557.10      11.0
557.20      10.7
557.30      10.7
557.40      10.7
557.50      10.7
557.60      10.7
557.70      10.7
557.80      10.5
557.90      10.7
558.00      10.5
558.10      10.5
558.20      10.5
558.30      10.5
558.40      10.5
558.50      10.5
558.60      10.3
558.70      10.5
558.80      10.3
558.90      10.3
559.00      10.3
559.10      10.3
559.20      10.3
559.30      10.3
559.40      10.3
559.50      10.3
559.60      10.0
559.70      10.0
559.80      10.0
559.90      10.0
560.00      10.0
560.10      10.0
560.20      10.0
560.30      10.0
560.40      10.0
560.50      9.8
560.60      9.8
560.70      9.8
560.80      9.8
560.90      9.8
561.00      9.8
561.10      9.8
561.20      9.8
561.30      9.8
561.40      9.8
561.50      9.5
561.60      9.5
561.70      9.5
561.80      9.5
561.90      9.5
562.00      9.5
562.10      9.5
562.20      9.5
562.30      9.5
562.40      9.5
562.50      9.5
562.60      9.3
562.70      9.3
562.80      9.3
562.90      9.3
563.00      9.3
563.10      9.3
563.20      9.3
563.30      9.3
563.40      9.3
563.50      9.3
563.60      9.0
563.70      9.0
563.80      9.0
563.90      9.0
564.00      9.0
564.10      9.0
564.20      9.0
564.30      9.0
564.40      9.0
564.50      9.0
564.60      9.0
564.70      9.0
564.80      8.8
564.90      8.8
565.00      8.8
565.10      8.8
565.20      8.8
565.30      8.8
565.40      8.8
565.50      8.8
565.60      8.8
565.70      8.8
565.80      8.8
565.90      8.8
566.00      8.8
566.10      8.8
566.20      8.5
566.30      8.5
566.40      8.5
566.50      8.5
566.60      8.5
566.70      8.5
566.80      8.5
566.90      8.5
567.00      8.5
567.10      8.5
567.20      8.5
567.30      8.5
567.40      8.5
567.50      8.5
567.60      8.5
567.70      8.5
567.80      8.5
567.90      8.5
568.00      8.3
568.10      8.3
568.20      8.3
568.30      8.3
568.40      8.3
568.50      8.3
568.60      8.3
568.70      8.3
568.80      8.3
568.90      8.3
569.00      8.3
569.10      8.3
569.20      8.3
569.30      8.3
569.40      8.3
569.50      8.1
569.60      8.3
569.70      8.1
569.80      8.1
569.90      8.1
570.00      8.1
570.10      8.1
570.20      8.1
570.30      8.1
570.40      8.1
570.50      8.1
570.60      8.1
570.70      8.1
570.80      8.1
570.90      8.1
571.00      8.1
571.10      8.1
571.20      8.1
571.30      7.8
571.40      8.1
571.50      8.1
571.60      8.1
571.70      7.8
571.80      7.8
571.90      7.8
572.00      7.8
572.10      7.8
572.20      7.8
572.30      7.8
572.40      7.8
572.50      7.8
572.60      7.8
572.70      7.8
572.80      7.8
572.90      7.8
573.00      7.8
573.10      7.8
573.20      7.8
573.30      7.8
573.40      7.8
573.50      7.8
573.60      7.8
573.70      7.8
573.80      7.8
573.90      7.8
574.00      7.8
574.10      7.6
574.20      7.6
574.30      7.6
574.40      7.6
574.50      7.6
574.60      7.6
574.70      7.6
574.80      7.6
574.90      7.6
575.00      7.6
575.10      7.6
575.20      7.6
575.30      7.6
575.40      7.6
575.50      7.6
575.60      7.6
575.70      7.6
575.80      7.6
575.90      7.6
576.00      7.6
576.10      7.6
576.20      7.6
576.30      7.6
576.40      7.6
576.50      7.6
576.60      7.6
576.70      7.3
576.80      7.3
576.90      7.3
577.00      7.3
577.10      7.3
577.20      7.3
577.30      7.3
577.40      7.3
577.50      7.3
577.60      7.3
577.70      7.3
577.80      7.3
577.90      7.3
578.00      7.3
578.10      7.3
578.20      7.3
578.30      7.3
578.40      7.3
578.50      7.3
578.60      7.3
578.70      7.3
578.80      7.3
578.90      7.3
579.00      7.3
579.10      7.3
579.20      7.3
579.30      7.3
579.40      7.1
579.50      7.3
579.60      7.1
579.70      7.3
579.80      7.1
579.90      7.3
580.00      7.1
580.10      7.3
580.20      7.1
580.30      7.1
580.40      7.1
580.50      7.1
580.60      7.1
580.70      7.1
580.80      7.1
580.90      7.1
581.00      7.1
581.10      7.1
581.20      7.1
581.30      7.1
581.40      7.1
581.50      7.1
581.60      7.1
581.70      7.1
581.80      7.1
581.90      7.1
582.00      7.1
582.10      7.1
582.20      7.1
582.30      7.1
582.40      7.1
582.50      7.1
582.60      7.1
582.70      7.1
582.80      7.1
582.90      7.1
583.00      7.1
583.10      7.1
583.20      7.1
583.30      7.1
583.40      7.1
583.50      7.1
583.60      7.1
583.70      7.1
583.80      7.1
583.90      7.1
584.00      7.1
584.10      7.1
584.20      7.1
584.30      7.1
584.40      7.1
584.50      7.1
584.60      7.1
584.70      7.1
584.80      7.1
584.90      7.1
585.00      7.1
585.10      7.1
585.20      7.1
585.30      7.1
585.40      6.8
585.50      7.1
585.60      6.8
585.70      6.8
585.80      6.8
585.90      6.8
586.00      6.8
586.10      6.8
586.20      6.8
586.30      6.8
586.40      6.8
586.50      6.8
586.60      6.8
586.70      6.8
586.80      6.8
586.90      6.8
587.00      6.8
587.10      6.8
587.20      6.8
587.30      6.8
587.40      6.8
587.50      6.8
587.60      6.8
587.70      6.8
587.80      6.8
587.90      6.8
588.00      6.8
588.10      6.8
588.20      6.8
588.30      6.8
588.40      6.8
588.50      6.8
588.60      6.8
588.70      6.8
588.80      6.8
588.90      6.8
589.00      6.8
589.10      6.8
589.20      6.8
589.30      6.8
589.40      6.8
589.50      6.8
589.60      6.8
589.70      6.8
589.80      6.8
589.90      6.8
590.00      6.8
590.10      6.6
590.20      6.8
590.30      6.8
590.40      6.8
590.50      6.8
590.60      6.8
590.70      6.8
590.80      6.8
590.90      6.8
591.00      6.8
591.10      6.8
591.20      6.8
591.30      6.8
591.40      6.8
591.50      6.8
591.60      6.8
591.70      6.8
591.80      6.8
591.90      6.6
592.00      6.8
592.10      6.6
592.20      6.8
592.30      6.8
592.40      6.8
592.50      6.8
592.60      6.6
592.70      6.8
592.80      6.8
592.90      6.8
593.00      6.8
593.10      6.8
593.20      6.6
593.30      6.8
593.40      6.8
593.50      6.8
593.60      6.8
593.70      6.8
593.80      6.8
593.90      6.6
594.00      6.6
594.10      6.8
594.20      6.6
594.30      6.8
594.40      6.6
594.50      6.6
594.60      6.6
594.70      6.6
594.80      6.8
594.90      6.6
595.00      6.6
595.10      6.6
595.20      6.6
595.30      6.6
595.40      6.6
595.50      6.6
595.60      6.6
595.70      6.6
595.80      6.6
595.90      6.6
596.00      6.6
596.10      6.6
596.20      6.6
596.30      6.6
596.40      6.6
596.50      6.6
596.60      6.6
596.70      6.6
596.80      6.6
596.90      6.6
597.00      6.6
597.10      6.6
597.20      6.6
597.30      6.6
597.40      6.6
597.50      6.6
597.60      6.6
597.70      6.6
597.80      6.6
597.90      6.6
598.00      6.6
598.10      6.6
598.20      6.6
598.30      6.6
598.40      6.6
598.50      6.6
598.60      6.6
598.70      6.6
598.80      6.6
598.90      6.6
599.00      6.6
599.10      6.6
599.20      6.6
599.30      6.6
599.40      6.6
599.50      6.6
599.60      6.6
599.70      6.6
599.80      6.6
599.90      6.6
600.00      6.6
600.10      6.6
600.20      6.6
600.30      6.6
600.40      6.6
600.50      6.6
600.60      6.6
600.70      6.6
600.80      6.6
600.90      6.6
601.00      6.6
601.10      6.6
601.20      6.6
601.30      6.6
601.40      6.6
601.50      6.6
601.60      6.6
601.70      6.6
601.80      6.6
601.90      6.6
602.00      6.6
602.10      6.6
602.20      6.6
602.30      6.6
602.40      6.6
602.50      6.6
602.60      6.6
602.70      6.6
602.80      6.6
602.90      6.6
603.00      6.6
603.10      6.6
603.20      6.6
603.30      6.6
603.40      6.6
603.50      6.6
603.60      6.6
603.70      6.6
603.80      6.6
603.90      6.6
604.00      6.6
604.10      6.6
604.20      6.6
604.30      6.6
604.40      6.6
604.50      6.6
604.60      6.6
604.70      6.6
604.80      6.6
604.90      6.6
605.00      6.6
605.10      6.6
605.20      6.6
605.30      6.6
605.40      6.6
605.50      6.6
605.60      6.6
605.70      6.6
605.80      6.6
605.90      6.6
606.00      6.6
606.10      6.6
606.20      6.6
606.30      6.6
606.40      6.6
606.50      6.6
606.60      6.6
606.70      6.6
606.80      6.6
606.90      6.6
607.00      6.6
607.10      6.6
607.20      6.6
607.30      6.6
607.40      6.6
607.50      6.6
607.60      6.6
607.70      6.6
607.80      6.6
607.90      6.6
608.00      6.6
608.10      6.6
608.20      6.6
608.30      6.6
608.40      6.6
608.50      6.6
608.60      6.6
608.70      6.6
608.80      6.6
608.90      6.6
609.00      6.6
609.10      6.6
609.20      6.6
609.30      6.6
609.40      6.6
609.50      6.6
609.60      6.6
609.70      6.6
609.80      6.6
609.90      6.6
610.00      6.6
610.10      6.6
610.20      6.6
610.30      6.6
610.40      6.6
610.50      6.6
610.60      6.6
610.70      6.6
610.80      6.6
610.90      6.3
611.00      6.6
611.10      6.6
611.20      6.6
611.30      6.6
611.40      6.6
611.50      6.6
611.60      6.6
611.70      6.3
611.80      6.6
611.90      6.3
612.00      6.6
612.10      6.6
612.20      6.6
612.30      6.3
612.40      6.6
612.50      6.3
612.60      6.6
612.70      6.3
612.80      6.6
612.90      6.6
613.00      6.6
613.10      6.6
613.20      6.6
613.30      6.6
613.40      6.6
613.50      6.6
613.60      6.6
613.70      6.6
613.80      6.6
613.90      6.6
614.00      6.3
614.10      6.6
614.20      6.6
614.30      6.6
614.40      6.6
614.50      6.6
614.60      6.6
614.70      6.6
614.80      6.6
614.90      6.6
615.00      6.6
615.10      6.6
615.20      6.6
615.30      6.6
615.40      6.6
615.50      6.6
615.60      6.6
615.70      6.6
615.80      6.6
615.90      6.6
616.00      6.6
616.10      6.6
616.20      6.6
616.30      6.3
616.40      6.3
616.50      6.3
616.60      6.3
616.70      6.6
616.80      6.6
616.90      6.6
617.00      6.6
617.10      6.6
617.20      6.6
617.30      6.6
617.40      6.6
617.50      6.6
617.60      6.6
617.70      6.6
617.80      6.6
617.90      6.6
618.00      6.6
618.10      6.6
618.20      6.6
618.30      6.3
618.40      6.6
618.50      6.6
618.60      6.6
618.70      6.6
618.80      6.6
618.90      6.6
619.00      6.6
619.10      6.6
619.20      6.6
619.30      6.6
619.40      6.6
619.50      6.6
619.60      6.6
619.70      6.6
619.80      6.6
619.90      6.6
620.00      6.6
620.10      6.6
620.20      6.6
620.30      6.6
620.40      6.3
620.50      6.6
620.60      6.3
620.70      6.6
620.80      6.6
620.90      6.6
621.00      6.3
621.10      6.6
621.20      6.3
621.30      6.6
621.40      6.3
621.50      6.6
621.60      6.3
621.70      6.6
621.80      6.6
621.90      6.6
622.00      6.6
622.10      6.6
622.20      6.6
622.30      6.6
622.40      6.3
622.50      6.6
622.60      6.6
622.70      6.6
622.80      6.6
622.90      6.6
623.00      6.6
623.10      6.6
623.20      6.6
623.30      6.6
623.40      6.6
623.50      6.6
623.60      6.3
623.70      6.6
623.80      6.3
623.90      6.6
624.00      6.6
624.10      6.6
624.20      6.6
624.30      6.3
624.40      6.6
624.50      6.6
624.60      6.6
624.70      6.6
624.80      6.6
624.90      6.3
625.00      6.6
625.10      6.3
625.20      6.6
625.30      6.3
625.40      6.3
625.50      6.6
625.60      6.3
625.70      6.6
625.80      6.3
625.90      6.6
626.00      6.6
626.10      6.3
626.20      6.6
626.30      6.3
626.40      6.6
626.50      6.3
626.60      6.3
626.70      6.3
626.80      6.3
626.90      6.6
627.00      6.6
627.10      6.6
627.20      6.6
627.30      6.6
627.40      6.6
627.50      6.3
627.60      6.6
627.70      6.6
627.80      6.3
627.90      6.6
628.00      6.6
628.10      6.6
628.20      6.6
628.30      6.6
628.40      6.6
628.50      6.3
628.60      6.6
628.70      6.6
628.80      6.3
628.90      6.6
629.00      6.6
629.10      6.6
629.20      6.6
629.30      6.3
629.40      6.6
629.50      6.6
629.60      6.6
629.70      6.6
629.80      6.6
629.90      6.6
630.00      6.3
630.10      6.3
630.20      6.6
630.30      6.6
630.40      6.3
630.50      6.3
630.60      6.6
630.70      6.6
630.80      6.6
630.90      6.6
631.00      6.3
631.10      6.3
631.20      6.6
631.30      6.3
631.40      6.6
631.50      6.6
631.60      6.6
631.70      6.6
631.80      6.6
631.90      6.3
632.00      6.6
632.10      6.3
632.20      6.3
632.30      6.3
632.40      6.6
632.50      6.3
632.60      6.6
632.70      6.3
632.80      6.6
632.90      6.3
633.00      6.3
633.10      6.3
633.20      6.6
633.30      6.3
633.40      6.6
633.50      6.3
633.60      6.3
633.70      6.3
633.80      6.6
633.90      6.3
634.00      6.3
634.10      6.3
634.20      6.3
634.30      6.3
634.40      6.3
634.50      6.3
634.60      6.3
634.70      6.3
634.80      6.3
634.90      6.3
635.00      6.3
635.10      6.3
635.20      6.3
635.30      6.3
635.40      6.3
635.50      6.6
635.60      6.3
635.70      6.3
635.80      6.3
635.90      6.3
636.00      6.3
636.10      6.6
636.20      6.3
636.30      6.3
636.40      6.3
636.50      6.3
636.60      6.3
636.70      6.3
636.80      6.3
636.90      6.3
637.00      6.3
637.10      6.6
637.20      6.3
637.30      6.6
637.40      6.6
637.50      6.3
637.60      6.6
637.70      6.6
637.80      6.3
637.90      6.6
638.00      6.3
638.10      6.3
638.20      6.6
638.30      6.3
638.40      6.3
638.50      6.3
638.60      6.3
638.70      6.3
638.80      6.6
638.90      6.6
639.00      6.6
639.10      6.6
639.20      6.6
639.30      6.3
639.40      6.6
639.50      6.6
639.60      6.3
639.70      6.3
639.80      6.6
639.90      6.6
640.00      6.6
640.10      6.3
640.20      6.6
640.30      6.3
640.40      6.3
640.50      6.3
640.60      6.3
640.70      6.6
640.80      6.6
640.90      6.6
641.00      6.6
641.10      6.3
641.20      6.6
641.30      6.6
641.40      6.6
641.50      6.6
641.60      6.3
641.70      6.6
641.80      6.3
641.90      6.6
642.00      6.3
642.10      6.3
642.20      6.3
642.30      6.3
642.40      6.3
642.50      6.6
642.60      6.3
642.70      6.6
642.80      6.3
642.90      6.3
643.00      6.3
643.10      6.3
643.20      6.3
643.30      6.3
643.40      6.3
643.50      6.3
643.60      6.6
643.70      6.3
643.80      6.6
643.90      6.6
644.00      6.3
644.10      6.6
644.20      6.3
644.30      6.3
644.40      6.6
644.50      6.3
644.60      6.3
644.70      6.3
644.80      6.3
644.90      6.6
645.00      6.6
645.10      6.6
645.20      6.3
645.30      6.3
645.40      6.3
645.50      6.3
645.60      6.3
645.70      6.3
645.80      6.3
645.90      6.6
646.00      6.3
646.10      6.3
646.20      6.3
646.30      6.3
646.40      6.3
646.50      6.3
646.60      6.3
646.70      6.3
646.80      6.3
646.90      6.3
647.00      6.3
647.10      6.3
647.20      6.3
647.30      6.3
647.40      6.3
647.50      6.6
647.60      6.3
647.70      6.3
647.80      6.3
647.90      6.3
648.00      6.3
648.10      6.6
648.20      6.3
648.30      6.3
648.40      6.3
648.50      6.3
648.60      6.3
648.70      6.6
648.80      6.3
648.90      6.3
649.00      6.3
649.10      6.3
649.20      6.3
649.30      6.3
649.40      6.3
649.50      6.3
649.60      6.3
649.70      6.3
649.80      6.3
649.90      6.3
650.00      6.3
