400.00      6.3
400.10      6.3
400.20      6.3
400.30      6.3
400.40      6.3
400.50      6.3
400.60      6.3
400.70      6.3
400.80      6.3
400.90      6.3
401.00      6.3
401.10      6.3
401.20      6.3
401.30      6.3
401.40      6.3
401.50      6.3
401.60      6.3
401.70      6.3
401.80      6.3
401.90      6.3
402.00      6.3
402.10      6.3
402.20      6.3
402.30      6.3
402.40      6.3
402.50      6.3
402.60      6.3
402.70      6.3
402.80      6.3
402.90      6.3
403.00      6.3
403.10      6.3
403.20      6.3
403.30      6.3
403.40      6.3
403.50      6.3
403.60      6.3
403.70      6.3
403.80      6.3
403.90      6.3
404.00      6.3
404.10      6.3
404.20      6.3
404.30      6.3
404.40      6.3
404.50      6.3
404.60      6.3
404.70      6.3
404.80      6.3
404.90      6.3
405.00      6.3
405.10      6.3
405.20      6.3
405.30      6.3
405.40      6.3
405.50      6.3
405.60      6.3
405.70      6.3
405.80      6.3
405.90      6.3
406.00      6.3
406.10      6.3
406.20      6.3
406.30      6.3
406.40      6.3
406.50      6.3
406.60      6.3
406.70      6.3
406.80      6.3
406.90      6.3
407.00      6.3
407.10      6.3
407.20      6.3
407.30      6.3
407.40      6.3
407.50      6.3
407.60      6.3
407.70      6.3
407.80      6.3
407.90      6.3
408.00      6.3
408.10      6.3
408.20      6.3
408.30      6.3
408.40      6.3
408.50      6.3
408.60      6.3
408.70      6.3
408.80      6.3
408.90      6.3
409.00      6.3
409.10      6.3
409.20      6.3
409.30      6.3
409.40      6.3
409.50      6.3
409.60      6.3
409.70      6.3
409.80      6.3
409.90      6.3
410.00      6.3
410.10      6.3
410.20      6.3
410.30      6.3
410.40      6.3
410.50      6.3
410.60      6.3
410.70      6.3
410.80      6.3
410.90      6.3
411.00      6.3
411.10      6.3
411.20      6.3
411.30      6.3
411.40      6.3
411.50      6.3
411.60      6.3
411.70      6.3
411.80      6.3
411.90      6.3
412.00      6.3
412.10      6.3
412.20      6.3
412.30      6.3
412.40      6.3
412.50      6.3
412.60      6.3
412.70      6.3
412.80      6.3
412.90      6.3
413.00      6.3
413.10      6.3
413.20      6.3
413.30      6.3
413.40      6.3
413.50      6.3
413.60      6.3
413.70      6.3
413.80      6.3
413.90      6.3
414.00      6.3
414.10      6.3
414.20      6.3
414.30      6.3
414.40      6.3
414.50      6.3
414.60      6.3
414.70      6.3
414.80      6.3
414.90      6.3
415.00      6.3
415.10      6.3
415.20      6.3
415.30      6.3
415.40      6.3
415.50      6.3
415.60      6.3
415.70      6.3
415.80      6.3
415.90      6.3
416.00      6.3
416.10      6.3
416.20      6.3
416.30      6.3
416.40      6.3
416.50      6.3
416.60      6.3
416.70      6.3
416.80      6.3
416.90      6.3
417.00      6.3
417.10      6.3
417.20      6.3
417.30      6.3
417.40      6.3
417.50      6.3
417.60      6.3
417.70      6.3
417.80      6.3
417.90      6.3
418.00      6.3
418.10      6.3
418.20      6.3
418.30      6.3
418.40      6.3
418.50      6.3
418.60      6.3
418.70      6.3
418.80      6.3
418.90      6.3
419.00      6.3
419.10      6.3
419.20      6.3
419.30      6.3
419.40      6.3
419.50      6.3
419.60      6.3
419.70      6.3
419.80      6.3
419.90      6.3
420.00      6.3
420.10      6.3
420.20      6.3
420.30      6.3
420.40      6.3
420.50      6.3
420.60      6.3
420.70      6.3
420.80      6.3
420.90      6.3
421.00      6.3
421.10      6.3
421.20      6.3
421.30      6.3
421.40      6.3
421.50      6.3
421.60      6.3
421.70      6.3
421.80      6.3
421.90      6.3
422.00      6.3
422.10      6.3
422.20      6.3
422.30      6.3
422.40      6.3
422.50      6.3
422.60      6.3
422.70      6.3
422.80      6.3
422.90      6.3
423.00      6.3
423.10      6.3
423.20      6.3
423.30      6.3
423.40      6.3
423.50      6.3
423.60      6.3
423.70      6.3
423.80      6.3
423.90      6.3
424.00      6.3
424.10      6.3
424.20      6.3
424.30      6.3
424.40      6.3
424.50      6.3
424.60      6.3
424.70      6.3
424.80      6.3
424.90      6.3
425.00      6.3
425.10      6.3
425.20      6.3
425.30      6.3
425.40      6.3
425.50      6.3
425.60      6.3
425.70      6.3
425.80      6.3
425.90      6.3
426.00      6.3
426.10      6.3
426.20      6.3
426.30      6.3
426.40      6.3
426.50      6.3
426.60      6.3
426.70      6.3
426.80      6.3
426.90      6.3
427.00      6.3
427.10      6.3
427.20      6.3
427.30      6.3
427.40      6.3
427.50      6.3
427.60      6.3
427.70      6.3
427.80      6.3
427.90      6.3
428.00      6.3
428.10      6.3
428.20      6.3
428.30      6.3
428.40      6.3
428.50      6.3
428.60      6.3
428.70      6.3
428.80      6.3
428.90      6.3
429.00      6.3
429.10      6.3
429.20      6.3
429.30      6.3
429.40      6.3
429.50      6.3
429.60      6.3
429.70      6.3
429.80      6.3
429.90      6.3
430.00      6.3
430.10      6.3
430.20      6.3
430.30      6.3
430.40      6.3
430.50      6.3
430.60      6.3
430.70      6.3
430.80      6.3
430.90      6.3
431.00      6.3
431.10      6.3
431.20      6.3
431.30      6.3
431.40      6.3
431.50      6.3
431.60      6.3
431.70      6.3
431.80      6.3
431.90      6.3
432.00      6.3
432.10      6.3
432.20      6.3
432.30      6.3
432.40      6.3
432.50      6.3
432.60      6.3
432.70      6.3
432.80      6.3
432.90      6.3
433.00      6.3
433.10      6.3
433.20      6.3
433.30      6.3
433.40      6.3
433.50      6.3
433.60      6.3
433.70      6.3
433.80      6.3
433.90      6.3
434.00      6.3
434.10      6.3
434.20      6.3
434.30      6.3
434.40      6.3
434.50      6.3
434.60      6.3
434.70      6.3
434.80      6.3
434.90      6.3
435.00      6.3
435.10      6.3
435.20      6.3
435.30      6.3
435.40      6.3
435.50      6.3
435.60      6.3
435.70      6.3
435.80      6.3
435.90      6.3
436.00      6.3
436.10      6.3
436.20      6.3
436.30      6.3
436.40      6.3
436.50      6.3
436.60      6.3
436.70      6.3
436.80      6.3
436.90      6.3
437.00      6.3
437.10      6.3
437.20      6.3
437.30      6.3
437.40      6.3
437.50      6.3
437.60      6.3
437.70      6.3
437.80      6.3
437.90      6.3
438.00      6.3
438.10      6.3
438.20      6.3
438.30      6.3
438.40      6.3
438.50      6.3
438.60      6.3
438.70      6.3
438.80      6.3
438.90      6.3
439.00      6.3
439.10      6.3
439.20      6.3
439.30      6.3
439.40      6.3
439.50      6.3
439.60      6.3
439.70      6.3
439.80      6.3
439.90      6.3
440.00      6.3
440.10      6.3
440.20      6.3
440.30      6.3
440.40      6.3
440.50      6.3
440.60      6.3
440.70      6.3
440.80      6.3
440.90      6.3
441.00      6.3
441.10      6.3
441.20      6.3
441.30      6.3
441.40      6.3
441.50      6.3
441.60      6.3
441.70      6.3
441.80      6.3
441.90      6.3
442.00      6.3
442.10      6.3
442.20      6.3
442.30      6.3
442.40      6.3
442.50      6.3
442.60      6.3
442.70      6.3
442.80      6.3
442.90      6.3
443.00      6.3
443.10      6.3
443.20      6.3
443.30      6.3
443.40      6.3
443.50      6.3
443.60      6.3
443.70      6.3
443.80      6.3
443.90      6.3
444.00      6.3
444.10      6.3
444.20      6.3
444.30      6.3
444.40      6.3
444.50      6.3
444.60      6.3
444.70      6.3
444.80      6.3
444.90      6.3
445.00      6.3
445.10      6.3
445.20      6.3
445.30      6.3
445.40      6.3
445.50      6.3
445.60      6.3
445.70      6.3
445.80      6.3
445.90      6.3
446.00      6.3
446.10      6.3
446.20      6.3
446.30      6.3
446.40      6.3
446.50      6.3
446.60      6.3
446.70      6.3
446.80      6.3
446.90      6.3
447.00      6.3
447.10      6.3
447.20      6.3
447.30      6.3
447.40      6.3
447.50      6.3
447.60      6.3
447.70      6.3
447.80      6.3
447.90      6.3
448.00      6.3
448.10      6.3
448.20      6.3
448.30      6.3
448.40      6.3
448.50      6.3
448.60      6.3
448.70      6.3
448.80      6.3
448.90      6.3
449.00      6.3
449.10      6.3
449.20      6.3
449.30      6.3
449.40      6.3
449.50      6.3
449.60      6.3
449.70      6.3
449.80      6.3
449.90      6.3
450.00      6.3
450.10      6.3
450.20      6.3
450.30      6.3
450.40      6.3
450.50      6.3
450.60      6.3
450.70      6.3
450.80      6.3
450.90      6.3
451.00      6.3
451.10      6.3
451.20      6.3
451.30      6.3
451.40      6.3
451.50      6.3
451.60      6.3
451.70      6.3
451.80      6.3
451.90      6.3
452.00      6.3
452.10      6.3
452.20      6.3
452.30      6.3
452.40      6.3
452.50      6.3
452.60      6.3
452.70      6.3
452.80      6.3
452.90      6.3
453.00      6.3
453.10      6.3
453.20      6.3
453.30      6.3
453.40      6.3
453.50      6.3
453.60      6.3
453.70      6.3
453.80      6.3
453.90      6.3
454.00      6.3
454.10      6.3
454.20      6.3
454.30      6.3
454.40      6.3
454.50      6.3
454.60      6.3
454.70      6.3
454.80      6.3
454.90      6.3
455.00      6.3
455.10      6.3
455.20      6.3
455.30      6.3
455.40      6.3
455.50      6.3
455.60      6.3
455.70      6.3
455.80      6.3
455.90      6.3
456.00      6.3
456.10      6.3
456.20      6.3
456.30      6.3
456.40      6.3
456.50      6.3
456.60      6.3
456.70      6.3
456.80      6.3
456.90      6.3
457.00      6.3
457.10      6.3
457.20      6.3
457.30      6.3
457.40      6.3
457.50      6.3
457.60      6.3
457.70      6.3
457.80      6.3
457.90      6.3
458.00      6.3
458.10      6.3
458.20      6.3
458.30      6.3
458.40      6.3
458.50      6.3
458.60      6.3
458.70      6.3
458.80      6.3
458.90      6.3
459.00      6.3
459.10      6.3
459.20      6.3
459.30      6.3
459.40      6.3
459.50      6.3
459.60      6.3
459.70      6.3
459.80      6.3
459.90      6.3
460.00      6.3
460.10      6.3
460.20      6.3
460.30      6.3
460.40      6.3
460.50      6.3
460.60      6.3
460.70      6.3
460.80      6.3
460.90      6.3
461.00      6.3
461.10      6.3
461.20      6.3
461.30      6.3
461.40      6.3
461.50      6.3
461.60      6.3
461.70      6.3
461.80      6.3
461.90      6.3
462.00      6.3
462.10      6.3
462.20      6.3
462.30      6.3
462.40      6.3
462.50      6.3
462.60      6.3
462.70      6.3
462.80      6.3
462.90      6.3
463.00      6.3
463.10      6.3
463.20      6.3
463.30      6.3
463.40      6.3
463.50      6.3
463.60      6.3
463.70      6.3
463.80      6.3
463.90      6.3
464.00      6.3
464.10      6.3
464.20      6.3
464.30      6.3
464.40      6.3
464.50      6.3
464.60      6.3
464.70      6.3
464.80      6.3
464.90      6.3
465.00      6.3
465.10      6.3
465.20      6.3
465.30      6.3
465.40      6.3
465.50      6.3
465.60      6.3
465.70      6.3
465.80      6.3
465.90      6.3
466.00      6.3
466.10      6.3
466.20      6.3
466.30      6.3
466.40      6.3
466.50      6.3
466.60      6.3
466.70      6.3
466.80      6.3
466.90      6.3
467.00      6.3
467.10      6.3
467.20      6.3
467.30      6.3
467.40      6.3
467.50      6.3
467.60      6.3
467.70      6.3
467.80      6.3
467.90      6.3
468.00      6.3
468.10      6.3
468.20      6.3
468.30      6.3
468.40      6.3
468.50      6.3
468.60      6.3
468.70      6.3
468.80      6.3
468.90      6.3
469.00      6.3
469.10      6.3
469.20      6.3
469.30      6.3
469.40      6.3
469.50      6.3
469.60      6.3
469.70      6.3
469.80      6.3
469.90      6.3
470.00      6.3
470.10      6.3
470.20      6.3
470.30      6.3
470.40      6.3
470.50      6.3
470.60      6.3
470.70      6.3
470.80      6.3
470.90      6.3
471.00      6.3
471.10      6.3
471.20      6.3
471.30      6.3
471.40      6.3
471.50      6.3
471.60      6.3
471.70      6.3
471.80      6.3
471.90      6.3
472.00      6.3
472.10      6.3
472.20      6.3
472.30      6.3
472.40      6.3
472.50      6.3
472.60      6.3
472.70      6.3
472.80      6.3
472.90      6.3
473.00      6.3
473.10      6.3
473.20      6.3
473.30      6.3
473.40      6.3
473.50      6.3
473.60      6.3
473.70      6.3
473.80      6.3
473.90      6.3
474.00      6.3
474.10      6.3
474.20      6.3
474.30      6.3
474.40      6.3
474.50      6.3
474.60      6.3
474.70      6.3
474.80      6.3
474.90      6.3
475.00      6.3
475.10      6.3
475.20      6.3
475.30      6.3
475.40      6.3
475.50      6.3
475.60      6.3
475.70      6.3
475.80      6.3
475.90      6.3
476.00      6.3
476.10      6.3
476.20      6.3
476.30      6.3
476.40      6.3
476.50      6.3
476.60      6.3
476.70      6.3
476.80      6.3
476.90      6.3
477.00      6.3
477.10      6.3
477.20      6.3
477.30      6.3
477.40      6.3
477.50      6.3
477.60      6.3
477.70      6.3
477.80      6.3
477.90      6.3
478.00      6.3
478.10      6.3
478.20      6.3
478.30      6.3
478.40      6.3
478.50      6.3
478.60      6.3
478.70      6.3
478.80      6.3
478.90      6.3
479.00      6.3
479.10      6.3
479.20      6.3
479.30      6.3
479.40      6.3
479.50      6.3
479.60      6.3
479.70      6.3
479.80      6.3
479.90      6.3
480.00      6.3
480.10      6.3
480.20      6.3
480.30      6.3
480.40      6.3
480.50      6.3
480.60      6.3
480.70      6.3
480.80      6.3
480.90      6.3
481.00      6.3
481.10      6.3
481.20      6.3
481.30      6.3
481.40      6.3
481.50      6.3
481.60      6.3
481.70      6.3
481.80      6.3
481.90      6.3
482.00      6.3
482.10      6.3
482.20      6.3
482.30      6.3
482.40      6.3
482.50      6.3
482.60      6.3
482.70      6.3
482.80      6.3
482.90      6.3
483.00      6.3
483.10      6.3
483.20      6.3
483.30      6.3
483.40      6.3
483.50      6.3
483.60      6.3
483.70      6.3
483.80      6.3
483.90      6.3
484.00      6.3
484.10      6.3
484.20      6.3
484.30      6.3
484.40      6.3
484.50      6.3
484.60      6.3
484.70      6.3
484.80      6.3
484.90      6.3
485.00      6.3
485.10      6.3
485.20      6.3
485.30      6.3
485.40      6.3
485.50      6.3
485.60      6.3
485.70      6.3
485.80      6.3
485.90      6.3
486.00      6.3
486.10      6.3
486.20      6.3
486.30      6.3
486.40      6.3
486.50      6.3
486.60      6.3
486.70      6.3
486.80      6.3
486.90      6.3
487.00      6.3
487.10      6.3
487.20      6.3
487.30      6.3
487.40      6.3
487.50      6.3
487.60      6.3
487.70      6.3
487.80      6.3
487.90      6.3
488.00      6.3
488.10      6.3
488.20      6.3
488.30      6.3
488.40      6.3
488.50      6.3
488.60      6.3
488.70      6.3
488.80      6.3
488.90      6.3
489.00      6.3
489.10      6.3
489.20      6.3
489.30      6.3
489.40      6.3
489.50      6.3
489.60      6.3
489.70      6.3
489.80      6.3
489.90      6.3
490.00      6.3
490.10      6.3
490.20      6.3
490.30      6.3
490.40      6.3
490.50      6.3
490.60      6.3
490.70      6.3
490.80      6.3
490.90      6.3
491.00      6.3
491.10      6.3
491.20      6.3
491.30      6.3
491.40      6.3
491.50      6.3
491.60      6.3
491.70      6.3
491.80      6.3
491.90      6.3
492.00      6.3
492.10      6.3
492.20      6.3
492.30      6.3
492.40      6.3
492.50      6.3
492.60      6.3
492.70      6.3
492.80      6.3
492.90      6.3
493.00      6.3
493.10      6.3
493.20      6.3
493.30      6.3
493.40      6.3
493.50      6.3
493.60      6.3
493.70      6.3
493.80      6.3
493.90      6.3
494.00      6.3
494.10      6.3
494.20      6.3
494.30      6.3
494.40      6.3
494.50      6.3
494.60      6.3
494.70      6.3
494.80      6.3
494.90      6.3
495.00      6.3
495.10      6.3
495.20      6.3
495.30      6.3
495.40      6.3
495.50      6.3
495.60      6.3
495.70      6.3
495.80      6.3
495.90      6.3
496.00      6.3
496.10      6.3
496.20      6.3
496.30      6.3
496.40      6.3
496.50      6.3
496.60      6.3
496.70      6.3
496.80      6.3
496.90      6.3
497.00      6.3
497.10      6.3
497.20      6.3
497.30      6.3
497.40      6.3
497.50      6.3
497.60      6.3
497.70      6.3
497.80      6.3
497.90      6.3
498.00      6.3
498.10      6.3
498.20      6.3
498.30      6.3
498.40      6.3
498.50      6.3
498.60      6.3
498.70      6.3
498.80      6.3
498.90      6.3
499.00      6.3
499.10      6.3
499.20      6.3
499.30      6.3
499.40      6.3
499.50      6.3
499.60      6.1
499.70      6.1
499.80      6.1
499.90      6.1
500.00      6.1
500.10      6.3
500.20      6.1
500.30      6.1
500.40      6.1
500.50      6.1
500.60      6.1
500.70      6.1
500.80      6.3
500.90      6.3
501.00      6.3
501.10      6.3
501.20      6.3
501.30      6.3
501.40      6.3
501.50      6.3
501.60      6.3
501.70      6.3
501.80      6.3
501.90      6.3
502.00      6.3
502.10      6.3
502.20      6.3
502.30      6.3
502.40      6.1
502.50      6.3
502.60      6.3
502.70      6.3
502.80      6.3
502.90      6.3
503.00      6.3
503.10      6.3
503.20      6.3
503.30      6.3
503.40      6.3
503.50      6.3
503.60      6.3
503.70      6.3
503.80      6.3
503.90      6.3
504.00      6.3
504.10      6.3
504.20      6.3
504.30      6.3
504.40      6.3
504.50      6.3
504.60      6.3
504.70      6.3
504.80      6.3
504.90      6.3
505.00      6.3
505.10      6.3
505.20      6.3
505.30      6.3
505.40      6.3
505.50      6.3
505.60      6.3
505.70      6.3
505.80      6.3
505.90      6.3
506.00      6.3
506.10      6.3
506.20      6.3
506.30      6.3
506.40      6.3
506.50      6.3
506.60      6.3
506.70      6.3
506.80      6.3
506.90      6.3
507.00      6.3
507.10      6.3
507.20      6.3
507.30      6.3
507.40      6.3
507.50      6.3
507.60      6.3
507.70      6.3
507.80      6.3
507.90      6.3
508.00      6.3
508.10      6.3
508.20      6.3
508.30      6.3
508.40      6.3
508.50      6.3
508.60      6.3
508.70      6.3
508.80      6.3
508.90      6.3
509.00      6.3
509.10      6.3
509.20      6.3
509.30      6.3
509.40      6.3
509.50      6.1
509.60      6.1
509.70      6.1
509.80      6.1
509.90      6.1
510.00      6.1
510.10      6.3
510.20      6.1
510.30      6.1
510.40      6.1
510.50      6.1
510.60      6.1
510.70      6.1
510.80      5.9
510.90      5.9
511.00      6.3
511.10      6.3
511.20      6.3
511.30      6.3
511.40      6.3
511.50      6.3
511.60      6.3
511.70      6.3
511.80      6.3
511.90      6.3
512.00      6.3
512.10      6.3
512.20      6.3
512.30      6.3
512.40      6.3
512.50      6.3
512.60      6.1
512.70      6.3
512.80      6.3
512.90      6.3
513.00      6.3
513.10      6.3
513.20      6.3
513.30      6.3
513.40      6.3
513.50      6.3
513.60      6.3
513.70      6.3
513.80      6.3
513.90      6.3
514.00      6.3
514.10      6.3
514.20      6.3
514.30      6.3
514.40      6.3
514.50      6.3
514.60      6.3
514.70      6.3
514.80      6.3
514.90      6.3
515.00      6.3
515.10      6.3
515.20      6.3
515.30      6.3
515.40      6.3
515.50      6.3
515.60      6.3
515.70      6.3
515.80      6.3
515.90      6.3
516.00      6.3
516.10      6.3
516.20      6.3
516.30      6.3
516.40      5.9
516.50      6.1
516.60      6.3
516.70      6.3
516.80      6.3
516.90      6.3
517.00      6.3
517.10      6.3
517.20      6.3
517.30      6.3
517.40      6.3
517.50      6.3
517.60      6.3
517.70      6.3
517.80      6.3
517.90      6.3
518.00      6.3
518.10      6.3
518.20      6.3
518.30      6.3
518.40      6.3
518.50      6.3
518.60      6.3
518.70      6.3
518.80      6.3
518.90      6.3
519.00      6.3
519.10      6.3
519.20      6.3
519.30      6.3
519.40      6.3
519.50      6.3
519.60      6.3
519.70      6.3
519.80      6.3
519.90      6.3
520.00      6.3
520.10      6.3
520.20      6.3
520.30      6.3
520.40      6.3
520.50      6.3
520.60      6.3
520.70      6.3
520.80      6.3
520.90      6.3
521.00      6.3
521.10      6.3
521.20      6.3
521.30      6.3
521.40      6.3
521.50      6.3
521.60      6.3
521.70      6.3
521.80      6.3
521.90      6.3
522.00      6.3
522.10      6.3
522.20      6.3
522.30      6.3
522.40      6.3
522.50      6.3
522.60      6.3
522.70      6.3
522.80      6.3
522.90      6.3
523.00      6.3
523.10      6.3
523.20      6.3
523.30      6.3
523.40      6.3
523.50      6.3
523.60      6.3
523.70      6.3
523.80      6.3
523.90      6.3
524.00      6.3
524.10      6.3
524.20      6.3
524.30      6.3
524.40      6.3
524.50      6.3
524.60      6.3
524.70      6.3
524.80      6.3
524.90      6.3
525.00      6.3
525.10      6.3
525.20      6.3
525.30      6.3
525.40      6.3
525.50      6.3
525.60      6.3
525.70      6.3
525.80      6.3
525.90      6.3
526.00      6.3
526.10      6.3
526.20      6.3
526.30      6.3
526.40      6.3
526.50      6.3
526.60      6.3
526.70      6.3
526.80      6.3
526.90      6.3
527.00      6.3
527.10      6.3
527.20      6.3
527.30      6.3
527.40      6.3
527.50      6.3
527.60      6.3
527.70      6.3
527.80      6.3
527.90      6.3
528.00      6.3
528.10      6.3
528.20      6.3
528.30      6.3
528.40      6.3
528.50      6.3
528.60      6.3
528.70      6.3
528.80      6.3
528.90      6.3
529.00      6.3
529.10      6.3
529.20      6.3
529.30      6.3
529.40      6.3
529.50      6.3
529.60      6.3
529.70      6.3
529.80      6.3
529.90      6.3
530.00      6.3
530.10      6.3
530.20      6.3
530.30      6.3
530.40      6.3
530.50      6.3
530.60      6.3
530.70      6.3
530.80      6.3
530.90      6.3
531.00      6.3
531.10      6.3
531.20      6.3
531.30      6.3
531.40      6.3
531.50      6.3
531.60      6.3
531.70      6.3
531.80      6.3
531.90      6.3
532.00      6.3
532.10      6.3
532.20      6.3
532.30      6.3
532.40      6.3
532.50      6.3
532.60      6.3
532.70      6.3
532.80      6.3
532.90      6.3
533.00      6.3
533.10      6.3
533.20      6.3
533.30      6.3
533.40      6.3
533.50      6.3
533.60      6.3
533.70      6.3
533.80      6.3
533.90      6.3
534.00      6.3
534.10      6.3
534.20      6.3
534.30      6.3
534.40      6.3
534.50      6.3
534.60      6.3
534.70      6.3
534.80      6.3
534.90      6.3
535.00      6.3
535.10      6.3
535.20      6.3
535.30      6.3
535.40      6.3
535.50      6.3
535.60      6.3
535.70      6.3
535.80      6.3
535.90      6.3
536.00      6.3
536.10      6.3
536.20      6.3
536.30      6.3
536.40      6.3
536.50      6.3
536.60      6.3
536.70      6.3
536.80      6.3
536.90      6.3
537.00      6.3
537.10      6.3
537.20      6.3
537.30      6.3
537.40      6.3
537.50      6.3
537.60      6.3
537.70      6.3
537.80      6.3
537.90      6.3
538.00      6.3
538.10      6.3
538.20      6.3
538.30      6.3
538.40      6.3
538.50      6.3
538.60      6.3
538.70      6.3
538.80      6.3
538.90      6.3
539.00      6.3
539.10      6.3
539.20      6.3
539.30      6.3
539.40      6.3
539.50      6.3
539.60      6.3
539.70      6.3
539.80      6.3
539.90      6.3
540.00      6.3
540.10      6.3
540.20      6.3
540.30      6.3
540.40      6.3
540.50      6.3
540.60      6.3
540.70      6.3
540.80      6.3
540.90      6.3
541.00      6.3
541.10      6.3
541.20      6.3
541.30      6.3
541.40      6.3
541.50      6.3
541.60      6.3
541.70      6.3
541.80      6.3
541.90      6.3
542.00      6.3
542.10      6.3
542.20      6.3
542.30      6.3
542.40      6.3
542.50      6.3
542.60      6.3
542.70      6.3
542.80      6.3
542.90      6.3
543.00      6.3
543.10      6.3
543.20      6.3
543.30      6.3
543.40      6.3
543.50      6.3
543.60      6.3
543.70      6.3
543.80      6.3
543.90      6.3
544.00      6.3
544.10      6.3
544.20      6.3
544.30      6.3
544.40      6.3
544.50      6.3
544.60      6.3
544.70      6.3
544.80      6.3
544.90      6.3
545.00      6.3
545.10      6.3
545.20      6.3
545.30      6.3
545.40      6.3
545.50      6.3
545.60      6.3
545.70      6.3
545.80      6.3
545.90      6.3
546.00      6.3
546.10      6.3
546.20      6.3
546.30      6.3
546.40      6.3
546.50      6.3
546.60      6.3
546.70      6.3
546.80      6.3
546.90      6.3
547.00      6.3
547.10      6.3
547.20      6.3
547.30      6.3
547.40      6.3
547.50      6.3
547.60      6.3
547.70      6.3
547.80      6.3
547.90      6.3
548.00      6.3
548.10      6.3
548.20      6.3
548.30      6.3
548.40      6.3
548.50      6.3
548.60      6.3
548.70      6.3
548.80      6.3
548.90      6.3
549.00      6.3
549.10      6.3
549.20      6.3
549.30      6.3
549.40      6.3
549.50      6.3
549.60      6.3
549.70      6.3
549.80      6.3
549.90      6.3
550.00      6.3
550.10      6.3
550.20      6.3
550.30      6.3
550.40      6.3
550.50      6.3
550.60      6.3
550.70      6.3
550.80      6.3
550.90      6.3
551.00      6.3
551.10      6.3
551.20      6.3
551.30      6.3
551.40      6.3
551.50      6.3
551.60      6.3
551.70      6.3
551.80      6.3
551.90      6.3
552.00      6.3
552.10      6.3
552.20      6.3
552.30      6.3
552.40      6.3
552.50      6.3
552.60      6.3
552.70      6.3
552.80      6.3
552.90      6.3
553.00      6.3
553.10      6.3
553.20      6.3
553.30      6.3
553.40      6.3
553.50      6.3
553.60      6.3
553.70      6.3
553.80      6.3
553.90      6.3
554.00      6.3
554.10      6.3
554.20      6.3
554.30      6.3
554.40      6.3
554.50      6.3
554.60      6.3
554.70      6.3
554.80      6.3
554.90      6.3
555.00      6.3
555.10      6.3
555.20      6.3
555.30      6.3
555.40      6.3
555.50      6.3
555.60      6.3
555.70      6.3
555.80      6.3
555.90      6.3
556.00      6.3
556.10      6.3
556.20      6.3
556.30      6.3
556.40      6.3
556.50      6.3
556.60      6.3
556.70      6.3
556.80      6.3
556.90      6.3
557.00      6.3
557.10      6.3
557.20      6.3
557.30      6.3
557.40      6.3
557.50      6.3
557.60      6.3
557.70      6.3
557.80      6.3
557.90      6.3
558.00      6.3
558.10      6.3
558.20      6.3
558.30      6.3
558.40      6.3
558.50      6.3
558.60      6.3
558.70      6.3
558.80      6.3
558.90      6.3
559.00      6.3
559.10      6.3
559.20      6.3
559.30      6.3
559.40      6.3
559.50      6.3
559.60      6.3
559.70      6.3
559.80      6.3
559.90      6.3
560.00      6.3
560.10      6.3
560.20      6.3
560.30      6.3
560.40      6.3
560.50      6.3
560.60      6.3
560.70      6.3
560.80      6.3
560.90      6.3
561.00      6.3
561.10      6.3
561.20      6.3
561.30      6.3
561.40      6.3
561.50      6.3
561.60      6.3
561.70      6.3
561.80      6.3
561.90      6.3
562.00      6.3
562.10      6.3
562.20      6.3
562.30      6.3
562.40      6.3
562.50      6.3
562.60      6.3
562.70      6.3
562.80      6.3
562.90      6.3
563.00      6.3
563.10      6.3
563.20      6.3
563.30      6.3
563.40      6.3
563.50      6.3
563.60      6.3
563.70      6.3
563.80      6.3
563.90      6.3
564.00      6.3
564.10      6.3
564.20      6.3
564.30      6.3
564.40      6.3
564.50      6.3
564.60      6.3
564.70      6.3
564.80      6.3
564.90      6.3
565.00      6.3
565.10      6.3
565.20      6.3
565.30      6.3
565.40      6.3
565.50      6.3
565.60      6.3
565.70      6.3
565.80      6.3
565.90      6.3
566.00      6.3
566.10      6.3
566.20      6.3
566.30      6.3
566.40      6.3
566.50      6.3
566.60      6.3
566.70      6.3
566.80      6.3
566.90      6.3
567.00      6.3
567.10      6.3
567.20      6.3
567.30      6.3
567.40      6.3
567.50      6.3
567.60      6.3
567.70      6.3
567.80      6.3
567.90      6.3
568.00      6.3
568.10      6.3
568.20      6.3
568.30      6.3
568.40      6.3
568.50      6.3
568.60      6.3
568.70      6.3
568.80      6.3
568.90      6.3
569.00      6.3
569.10      6.3
569.20      6.3
569.30      6.3
569.40      6.3
569.50      6.3
569.60      6.3
569.70      6.3
569.80      6.3
569.90      6.3
570.00      6.3
570.10      6.3
570.20      6.3
570.30      6.3
570.40      6.3
570.50      6.3
570.60      6.3
570.70      6.3
570.80      6.3
570.90      6.1
571.00      6.3
571.10      6.3
571.20      6.3
571.30      5.9
571.40      6.1
571.50      6.3
571.60      6.3
571.70      5.9
571.80      6.1
571.90      6.1
572.00      6.1
572.10      6.1
572.20      6.3
572.30      6.3
572.40      6.3
572.50      6.3
572.60      6.3
572.70      6.3
572.80      6.3
572.90      6.3
573.00      6.3
573.10      6.3
573.20      6.3
573.30      6.3
573.40      6.3
573.50      6.3
573.60      6.3
573.70      6.3
573.80      6.3
573.90      6.3
574.00      6.3
574.10      6.3
574.20      6.3
574.30      6.3
574.40      6.3
574.50      6.3
574.60      6.3
574.70      6.3
574.80      6.3
574.90      6.3
575.00      6.3
575.10      6.3
575.20      6.3
575.30      6.3
575.40      6.3
575.50      6.3
575.60      6.3
575.70      6.3
575.80      6.3
575.90      6.3
576.00      6.3
576.10      6.3
576.20      6.3
576.30      6.3
576.40      6.3
576.50      6.3
576.60      6.3
576.70      6.3
576.80      6.3
576.90      6.3
577.00      6.3
577.10      6.3
577.20      6.3
577.30      6.3
577.40      6.3
577.50      6.3
577.60      6.3
577.70      6.3
577.80      6.3
577.90      6.3
578.00      6.3
578.10      6.3
578.20      6.3
578.30      6.3
578.40      6.3
578.50      6.3
578.60      6.3
578.70      6.3
578.80      6.3
578.90      6.3
579.00      6.3
579.10      6.3
579.20      6.3
579.30      6.3
579.40      6.3
579.50      6.3
579.60      6.3
579.70      6.3
579.80      6.3
579.90      6.3
580.00      6.3
580.10      6.3
580.20      6.3
580.30      6.3
580.40      6.3
580.50      6.3
580.60      6.3
580.70      6.3
580.80      6.3
580.90      6.3
581.00      6.3
581.10      6.3
581.20      6.3
581.30      6.3
581.40      6.3
581.50      6.3
581.60      6.3
581.70      6.3
581.80      6.3
581.90      6.3
582.00      6.3
582.10      6.3
582.20      6.3
582.30      6.3
582.40      6.3
582.50      6.3
582.60      6.3
582.70      6.3
582.80      6.3
582.90      6.3
583.00      6.3
583.10      6.3
583.20      6.3
583.30      6.3
583.40      6.3
583.50      6.3
583.60      6.3
583.70      6.3
583.80      6.3
583.90      6.3
584.00      6.3
584.10      6.3
584.20      6.3
584.30      6.3
584.40      6.3
584.50      6.3
584.60      6.3
584.70      6.3
584.80      6.3
584.90      6.3
585.00      6.3
585.10      6.3
585.20      6.3
585.30      6.3
585.40      6.3
585.50      6.3
585.60      6.3
585.70      6.3
585.80      6.3
585.90      6.3
586.00      6.3
586.10      6.3
586.20      6.3
586.30      6.3
586.40      6.3
586.50      6.3
586.60      6.3
586.70      6.3
586.80      6.3
586.90      6.3
587.00      6.3
587.10      6.3
587.20      6.3
587.30      6.3
587.40      6.3
587.50      6.3
587.60      6.3
587.70      6.3
587.80      6.3
587.90      6.3
588.00      6.3
588.10      6.3
588.20      6.3
588.30      6.3
588.40      6.3
588.50      6.3
588.60      6.3
588.70      6.3
588.80      6.3
588.90      6.3
589.00      6.3
589.10      6.3
589.20      6.3
589.30      6.3
589.40      6.3
589.50      6.3
589.60      6.3
589.70      6.3
589.80      6.3
589.90      6.3
590.00      6.3
590.10      6.3
590.20      6.3
590.30      6.3
590.40      6.3
590.50      6.3
590.60      6.3
590.70      6.3
590.80      6.3
590.90      6.3
591.00      6.3
591.10      6.3
591.20      6.3
591.30      6.3
591.40      6.3
591.50      6.3
591.60      6.3
591.70      6.3
591.80      6.3
591.90      6.3
592.00      6.3
592.10      6.3
592.20      6.3
592.30      6.3
592.40      6.3
592.50      6.3
592.60      6.3
592.70      6.3
592.80      6.3
592.90      6.3
593.00      6.3
593.10      6.3
593.20      6.3
593.30      6.3
593.40      6.3
593.50      6.3
593.60      6.3
593.70      6.3
593.80      6.3
593.90      6.3
594.00      6.3
594.10      6.3
594.20      6.3
594.30      6.6
594.40      6.3
594.50      6.6
594.60      6.6
594.70      6.6
594.80      6.6
594.90      6.6
595.00      6.6
595.10      6.6
595.20      6.6
595.30      6.6
595.40      6.6
595.50      6.6
595.60      6.6
595.70      6.6
595.80      6.6
595.90      6.6
596.00      6.6
596.10      6.6
596.20      6.6
596.30      6.6
596.40      6.6
596.50      6.6
596.60      6.6
596.70      6.6
596.80      6.8
596.90      6.8
597.00      6.8
597.10      6.8
597.20      6.8
597.30      6.8
597.40      6.8
597.50      6.8
597.60      6.8
597.70      6.8
597.80      6.8
597.90      6.8
598.00      6.8
598.10      6.8
598.20      7.1
598.30      6.8
598.40      7.1
598.50      7.1
598.60      7.1
598.70      7.1
598.80      7.1
598.90      7.1
599.00      7.1
599.10      7.1
599.20      7.1
599.30      7.1
599.40      7.1
599.50      7.1
599.60      7.1
599.70      7.3
599.80      7.3
599.90      7.3
600.00      7.3
600.10      7.3
600.20      7.3
600.30      7.3
600.40      7.3
600.50      7.3
600.60      7.3
600.70      7.6
600.80      7.3
600.90      7.6
601.00      7.6
601.10      7.6
601.20      7.6
601.30      7.6
601.40      7.8
601.50      7.8
601.60      7.8
601.70      7.8
601.80      7.8
601.90      7.8
602.00      8.1
602.10      7.8
602.20      8.1
602.30      8.1
602.40      8.1
602.50      8.1
602.60      8.1
602.70      8.1
602.80      8.3
602.90      8.3
603.00      8.3
603.10      8.3
603.20      8.3
603.30      8.3
603.40      8.5
603.50      8.5
603.60      8.5
603.70      8.5
603.80      8.5
603.90      8.5
604.00      8.8
604.10      8.8
604.20      8.8
604.30      8.8
604.40      8.8
604.50      8.8
604.60      8.8
604.70      9.0
604.80      9.0
604.90      9.0
605.00      9.0
605.10      9.0
605.20      9.0
605.30      9.3
605.40      9.3
605.50      9.3
605.60      9.3
605.70      9.3
605.80      9.3
605.90      9.3
606.00      9.5
606.10      9.5
606.20      9.5
606.30      9.5
606.40      9.8
606.50      9.5
606.60      9.8
606.70      9.8
606.80      9.8
606.90      9.8
607.00      9.8
607.10      9.8
607.20      10.0
607.30      10.0
607.40      10.0
607.50      10.0
607.60      10.3
607.70      10.3
607.80      10.3
607.90      10.3
608.00      10.3
608.10      10.3
608.20      10.3
608.30      10.5
608.40      10.0
608.50      10.7
608.60      10.7
608.70      10.7
608.80      10.7
608.90      10.7
609.00      11.0
609.10      11.0
609.20      11.0
609.30      11.0
609.40      11.0
609.50      11.0
609.60      11.2
609.70      11.2
609.80      11.2
609.90      11.5
610.00      11.5
610.10      11.5
610.20      11.7
610.30      11.7
610.40      12.0
610.50      12.0
610.60      12.0
610.70      12.0
610.80      12.2
610.90      12.2
611.00      12.2
611.10      12.5
611.20      12.5
611.30      12.5
611.40      12.5
611.50      12.7
611.60      12.7
611.70      12.7
611.80      12.9
611.90      12.9
612.00      12.9
612.10      13.2
612.20      13.2
612.30      13.2
612.40      13.2
612.50      13.4
612.60      13.4
612.70      13.4
612.80      13.7
612.90      13.7
613.00      13.7
613.10      13.9
613.20      13.9
613.30      13.9
613.40      14.2
613.50      14.2
613.60      14.2
613.70      14.2
613.80      14.4
613.90      14.4
614.00      14.7
614.10      14.7
614.20      14.7
614.30      14.9
614.40      14.9
614.50      14.9
614.60      15.1
614.70      15.1
614.80      15.4
614.90      15.4
615.00      15.4
615.10      15.6
615.20      15.6
615.30      15.9
615.40      15.9
615.50      15.9
615.60      15.9
615.70      16.1
615.80      16.1
615.90      16.4
616.00      16.4
616.10      16.4
616.20      16.6
616.30      16.6
616.40      16.8
616.50      16.8
616.60      17.1
616.70      17.1
616.80      17.1
616.90      17.3
617.00      17.3
617.10      17.6
617.20      17.8
617.30      17.8
617.40      17.8
617.50      18.1
617.60      18.1
617.70      18.3
617.80      18.3
617.90      18.6
618.00      18.8
618.10      18.8
618.20      19.0
618.30      19.0
618.40      19.0
618.50      19.3
618.60      19.5
618.70      19.8
618.80      19.8
618.90      20.0
619.00      20.0
619.10      20.3
619.20      20.3
619.30      20.5
619.40      20.8
619.50      20.8
619.60      21.0
619.70      21.0
619.80      21.2
619.90      21.2
620.00      21.5
620.10      21.5
620.20      21.7
620.30      21.7
620.40      22.0
620.50      22.2
620.60      22.2
620.70      22.5
620.80      22.5
620.90      22.7
621.00      23.0
621.10      23.0
621.20      23.2
621.30      23.2
621.40      23.4
621.50      23.4
621.60      23.7
621.70      23.7
621.80      23.7
621.90      23.9
622.00      24.2
622.10      24.2
622.20      24.4
622.30      24.4
622.40      24.7
622.50      24.9
622.60      24.9
622.70      24.9
622.80      25.2
622.90      25.2
623.00      25.4
623.10      25.4
623.20      25.6
623.30      25.9
623.40      25.9
623.50      26.1
623.60      26.1
623.70      26.4
623.80      26.4
623.90      26.4
624.00      26.6
624.10      26.9
624.20      27.1
624.30      27.1
624.40      27.4
624.50      27.4
624.60      27.6
624.70      27.8
624.80      27.8
624.90      28.1
625.00      28.3
625.10      28.3
625.20      28.6
625.30      28.6
625.40      28.8
625.50      29.1
625.60      29.1
625.70      29.3
625.80      29.3
625.90      29.5
626.00      29.5
626.10      29.8
626.20      30.0
626.30      30.0
626.40      30.0
626.50      30.3
626.60      30.3
626.70      30.3
626.80      30.5
626.90      30.5
627.00      30.5
627.10      30.8
627.20      31.0
627.30      31.0
627.40      31.0
627.50      31.0
627.60      31.3
627.70      31.3
627.80      31.3
627.90      31.3
628.00      31.5
628.10      31.5
628.20      31.5
628.30      31.5
628.40      31.5
628.50      31.3
628.60      31.5
628.70      31.5
628.80      31.3
628.90      31.3
629.00      31.3
629.10      31.3
629.20      31.0
629.30      31.0
629.40      31.0
629.50      30.8
629.60      30.8
629.70      30.8
629.80      30.5
629.90      30.5
630.00      30.3
630.10      30.3
630.20      30.3
630.30      30.0
630.40      29.8
630.50      29.8
630.60      29.5
630.70      29.3
630.80      29.3
630.90      28.8
631.00      28.8
631.10      28.8
631.20      28.6
631.30      28.3
631.40      28.3
631.50      28.1
631.60      27.8
631.70      27.6
631.80      27.4
631.90      27.1
632.00      27.1
632.10      26.9
632.20      26.6
632.30      26.4
632.40      25.9
632.50      25.6
632.60      25.6
632.70      25.2
632.80      24.9
632.90      24.7
633.00      24.4
633.10      24.2
633.20      23.9
633.30      23.4
633.40      23.2
633.50      22.7
633.60      22.5
633.70      22.2
633.80      21.7
633.90      21.5
634.00      21.2
634.10      21.0
634.20      20.8
634.30      20.5
634.40      20.0
634.50      19.8
634.60      19.5
634.70      19.3
634.80      19.0
634.90      18.6
635.00      18.3
635.10      18.1
635.20      17.8
635.30      17.6
635.40      17.3
635.50      17.1
635.60      16.8
635.70      16.6
635.80      16.4
635.90      16.1
636.00      15.9
636.10      15.6
636.20      15.4
636.30      15.1
636.40      14.9
636.50      14.9
636.60      14.7
636.70      14.7
636.80      14.4
636.90      14.2
637.00      14.2
637.10      13.9
637.20      13.9
637.30      13.7
637.40      13.4
637.50      13.4
637.60      13.2
637.70      13.2
637.80      12.9
637.90      12.7
638.00      12.7
638.10      12.5
638.20      12.5
638.30      12.5
638.40      12.2
638.50      12.2
638.60      12.0
638.70      12.0
638.80      11.7
638.90      11.7
639.00      11.7
639.10      11.5
639.20      11.5
639.30      11.2
639.40      11.2
639.50      11.0
639.60      11.0
639.70      11.0
639.80      10.7
639.90      10.7
640.00      10.7
640.10      10.7
640.20      10.5
640.30      10.5
640.40      10.5
640.50      10.3
640.60      10.3
640.70      10.3
640.80      10.3
640.90      10.0
641.00      10.0
641.10      9.8
641.20      9.8
641.30      9.8
641.40      9.5
641.50      9.5
641.60      9.5
641.70      9.5
641.80      9.3
641.90      9.3
642.00      9.3
642.10      9.3
642.20      9.0
642.30      9.0
642.40      9.0
642.50      9.0
642.60      8.8
642.70      8.8
642.80      8.8
642.90      8.8
643.00      8.5
643.10      8.5
643.20      8.5
643.30      8.5
643.40      8.3
643.50      8.3
643.60      8.3
643.70      8.3
643.80      8.3
643.90      8.3
644.00      8.1
644.10      8.1
644.20      8.1
644.30      8.1
644.40      8.1
644.50      8.1
644.60      8.1
644.70      8.1
644.80      8.1
644.90      7.8
645.00      7.8
645.10      7.8
645.20      7.8
645.30      7.8
645.40      7.8
645.50      7.8
645.60      7.6
645.70      7.3
645.80      7.3
645.90      7.6
646.00      7.8
646.10      7.6
646.20      7.6
646.30      7.6
646.40      7.6
646.50      7.6
646.60      7.6
646.70      7.6
646.80      7.3
646.90      7.3
647.00      7.3
647.10      7.3
647.20      7.3
647.30      7.3
647.40      7.3
647.50      7.3
647.60      7.3
647.70      7.3
647.80      7.3
647.90      7.3
648.00      7.3
648.10      7.3
648.20      7.1
648.30      7.1
648.40      7.1
648.50      7.1
648.60      7.1
648.70      7.1
648.80      7.1
648.90      7.1
649.00      7.1
649.10      7.1
649.20      7.1
649.30      7.1
649.40      7.1
649.50      7.1
649.60      6.8
649.70      7.1
649.80      6.8
649.90      6.8
650.00      6.8
