400.00      6.6
400.10      6.6
400.20      6.6
400.30      6.6
400.40      6.6
400.50      6.6
400.60      6.6
400.70      6.6
400.80      6.6
400.90      6.6
401.00      6.6
401.10      6.6
401.20      6.6
401.30      6.6
401.40      6.6
401.50      6.6
401.60      6.6
401.70      6.6
401.80      6.6
401.90      6.6
402.00      6.6
402.10      6.6
402.20      6.6
402.30      6.6
402.40      6.6
402.50      6.6
402.60      6.6
402.70      6.6
402.80      6.6
402.90      6.6
403.00      6.6
403.10      6.6
403.20      6.6
403.30      6.6
403.40      6.6
403.50      6.6
403.60      6.6
403.70      6.6
403.80      6.6
403.90      6.6
404.00      6.6
404.10      6.6
404.20      6.6
404.30      6.6
404.40      6.6
404.50      6.6
404.60      6.6
404.70      6.6
404.80      6.6
404.90      6.6
405.00      6.6
405.10      6.6
405.20      6.6
405.30      6.6
405.40      6.6
405.50      6.6
405.60      6.6
405.70      6.6
405.80      6.6
405.90      6.6
406.00      6.6
406.10      6.6
406.20      6.6
406.30      6.6
406.40      6.6
406.50      6.6
406.60      6.6
406.70      6.6
406.80      6.6
406.90      6.6
407.00      6.6
407.10      6.6
407.20      6.6
407.30      6.6
407.40      6.6
407.50      6.6
407.60      6.6
407.70      6.6
407.80      6.6
407.90      6.6
408.00      6.6
408.10      6.6
408.20      6.6
408.30      6.6
408.40      6.6
408.50      6.6
408.60      6.6
408.70      6.6
408.80      6.6
408.90      6.6
409.00      6.6
409.10      6.6
409.20      6.6
409.30      6.6
409.40      6.6
409.50      6.6
409.60      6.6
409.70      6.6
409.80      6.6
409.90      6.6
410.00      6.6
410.10      6.6
410.20      6.6
410.30      6.6
410.40      6.6
410.50      6.6
410.60      6.6
410.70      6.6
410.80      6.6
410.90      6.6
411.00      6.6
411.10      6.6
411.20      6.6
411.30      6.6
411.40      6.6
411.50      6.6
411.60      6.6
411.70      6.6
411.80      6.6
411.90      6.6
412.00      6.6
412.10      6.6
412.20      6.6
412.30      6.6
412.40      6.6
412.50      6.6
412.60      6.6
412.70      6.6
412.80      6.6
412.90      6.6
413.00      6.6
413.10      6.6
413.20      6.6
413.30      6.6
413.40      6.6
413.50      6.6
413.60      6.6
413.70      6.6
413.80      6.6
413.90      6.6
414.00      6.6
414.10      6.6
414.20      6.6
414.30      6.6
414.40      6.6
414.50      6.6
414.60      6.6
414.70      6.6
414.80      6.6
414.90      6.6
415.00      6.6
415.10      6.6
415.20      6.6
415.30      6.6
415.40      6.6
415.50      6.6
415.60      6.6
415.70      6.6
415.80      6.6
415.90      6.6
416.00      6.6
416.10      6.6
416.20      6.6
416.30      6.6
416.40      6.6
416.50      6.6
416.60      6.6
416.70      6.6
416.80      6.6
416.90      6.6
417.00      6.6
417.10      6.6
417.20      6.6
417.30      6.6
417.40      6.6
417.50      6.6
417.60      6.6
417.70      6.6
417.80      6.6
417.90      6.6
418.00      6.6
418.10      6.6
418.20      6.6
418.30      6.6
418.40      6.6
418.50      6.6
418.60      6.6
418.70      6.6
418.80      6.6
418.90      6.6
419.00      6.6
419.10      6.6
419.20      6.6
419.30      6.6
419.40      6.6
419.50      6.6
419.60      6.6
419.70      6.6
419.80      6.6
419.90      6.6
420.00      6.6
420.10      6.6
420.20      6.6
420.30      6.6
420.40      6.6
420.50      6.6
420.60      6.6
420.70      6.6
420.80      6.6
420.90      6.6
421.00      6.6
421.10      6.6
421.20      6.6
421.30      6.6
421.40      6.6
421.50      6.6
421.60      6.6
421.70      6.6
421.80      6.6
421.90      6.6
422.00      6.6
422.10      6.6
422.20      6.6
422.30      6.6
422.40      6.6
422.50      6.6
422.60      6.6
422.70      6.6
422.80      6.6
422.90      6.6
423.00      6.6
423.10      6.6
423.20      6.6
423.30      6.6
423.40      6.6
423.50      6.6
423.60      6.6
423.70      6.6
423.80      6.6
423.90      6.6
424.00      6.6
424.10      6.6
424.20      6.6
424.30      6.6
424.40      6.6
424.50      6.6
424.60      6.6
424.70      6.6
424.80      6.6
424.90      6.6
425.00      6.6
425.10      6.6
425.20      6.6
425.30      6.6
425.40      6.6
425.50      6.6
425.60      6.6
425.70      6.6
425.80      6.6
425.90      6.6
426.00      6.6
426.10      6.6
426.20      6.6
426.30      6.6
426.40      6.6
426.50      6.6
426.60      6.6
426.70      6.6
426.80      6.6
426.90      6.6
427.00      6.6
427.10      6.6
427.20      6.6
427.30      6.6
427.40      6.6
427.50      6.6
427.60      6.6
427.70      6.6
427.80      6.6
427.90      6.6
428.00      6.6
428.10      6.6
428.20      6.6
428.30      6.6
428.40      6.6
428.50      6.6
428.60      6.6
428.70      6.6
428.80      6.6
428.90      6.6
429.00      6.6
429.10      6.6
429.20      6.6
429.30      6.6
429.40      6.6
429.50      6.6
429.60      6.6
429.70      6.6
429.80      6.6
429.90      6.6
430.00      6.6
430.10      6.6
430.20      6.6
430.30      6.6
430.40      6.6
430.50      6.6
430.60      6.6
430.70      6.6
430.80      6.6
430.90      6.6
431.00      6.6
431.10      6.6
431.20      6.6
431.30      6.6
431.40      6.6
431.50      6.6
431.60      6.6
431.70      6.6
431.80      6.6
431.90      6.6
432.00      6.6
432.10      6.6
432.20      6.6
432.30      6.6
432.40      6.6
432.50      6.6
432.60      6.6
432.70      6.6
432.80      6.6
432.90      6.6
433.00      6.6
433.10      6.6
433.20      6.6
433.30      6.6
433.40      6.6
433.50      6.6
433.60      6.6
433.70      6.6
433.80      6.6
433.90      6.6
434.00      6.6
434.10      6.6
434.20      6.6
434.30      6.6
434.40      6.6
434.50      6.6
434.60      6.6
434.70      6.6
434.80      6.6
434.90      6.6
435.00      6.6
435.10      6.6
435.20      6.6
435.30      6.6
435.40      6.6
435.50      6.6
435.60      6.6
435.70      6.6
435.80      6.6
435.90      6.6
436.00      6.6
436.10      6.6
436.20      6.6
436.30      6.6
436.40      6.6
436.50      6.6
436.60      6.6
436.70      6.6
436.80      6.6
436.90      6.6
437.00      6.6
437.10      6.6
437.20      6.6
437.30      6.6
437.40      6.6
437.50      6.6
437.60      6.6
437.70      6.6
437.80      6.6
437.90      6.6
438.00      6.6
438.10      6.6
438.20      6.6
438.30      6.6
438.40      6.6
438.50      6.6
438.60      6.6
438.70      6.6
438.80      6.6
438.90      6.6
439.00      6.6
439.10      6.6
439.20      6.6
439.30      6.6
439.40      6.6
439.50      6.6
439.60      6.6
439.70      6.6
439.80      6.6
439.90      6.6
440.00      6.6
440.10      6.6
440.20      6.6
440.30      6.6
440.40      6.6
440.50      6.6
440.60      6.6
440.70      6.6
440.80      6.6
440.90      6.6
441.00      6.6
441.10      6.6
441.20      6.6
441.30      6.6
441.40      6.6
441.50      6.6
441.60      6.8
441.70      6.8
441.80      6.6
441.90      6.6
442.00      6.6
442.10      6.8
442.20      6.6
442.30      6.6
442.40      6.6
442.50      6.6
442.60      6.6
442.70      6.6
442.80      6.6
442.90      6.6
443.00      6.6
443.10      6.6
443.20      6.6
443.30      6.6
443.40      6.6
443.50      6.6
443.60      6.6
443.70      6.6
443.80      6.6
443.90      6.6
444.00      6.6
444.10      6.6
444.20      6.6
444.30      6.6
444.40      6.6
444.50      6.6
444.60      6.6
444.70      6.6
444.80      6.6
444.90      6.6
445.00      6.6
445.10      6.6
445.20      6.6
445.30      6.6
445.40      6.6
445.50      6.6
445.60      6.6
445.70      6.6
445.80      6.6
445.90      6.6
446.00      6.6
446.10      6.6
446.20      6.6
446.30      6.6
446.40      6.6
446.50      6.6
446.60      6.6
446.70      6.6
446.80      6.6
446.90      6.6
447.00      6.6
447.10      6.6
447.20      6.6
447.30      6.6
447.40      6.6
447.50      6.6
447.60      6.6
447.70      6.6
447.80      6.6
447.90      6.6
448.00      6.6
448.10      6.6
448.20      6.6
448.30      6.6
448.40      6.6
448.50      6.6
448.60      6.6
448.70      6.6
448.80      6.6
448.90      6.6
449.00      6.6
449.10      6.6
449.20      6.6
449.30      6.6
449.40      6.6
449.50      6.6
449.60      6.6
449.70      6.6
449.80      6.6
449.90      6.6
450.00      6.6
450.10      6.6
450.20      6.6
450.30      6.6
450.40      6.6
450.50      6.6
450.60      6.6
450.70      6.6
450.80      6.6
450.90      6.6
451.00      6.6
451.10      6.6
451.20      6.6
451.30      6.6
451.40      6.6
451.50      6.6
451.60      6.6
451.70      6.6
451.80      6.6
451.90      6.6
452.00      6.6
452.10      6.6
452.20      6.6
452.30      6.6
452.40      6.6
452.50      6.6
452.60      6.6
452.70      6.6
452.80      6.6
452.90      6.6
453.00      6.6
453.10      6.6
453.20      6.6
453.30      6.6
453.40      6.6
453.50      6.6
453.60      6.6
453.70      6.6
453.80      6.6
453.90      6.6
454.00      6.6
454.10      6.6
454.20      6.6
454.30      6.6
454.40      6.6
454.50      6.6
454.60      6.6
454.70      6.6
454.80      6.6
454.90      6.6
455.00      6.6
455.10      6.6
455.20      6.6
455.30      6.6
455.40      6.6
455.50      6.6
455.60      6.6
455.70      6.6
455.80      6.6
455.90      6.6
456.00      6.6
456.10      6.6
456.20      6.6
456.30      6.6
456.40      6.6
456.50      6.6
456.60      6.6
456.70      6.6
456.80      6.6
456.90      6.6
457.00      6.6
457.10      6.6
457.20      6.6
457.30      6.6
457.40      6.6
457.50      6.6
457.60      6.6
457.70      6.6
457.80      6.6
457.90      6.6
458.00      6.6
458.10      6.6
458.20      6.6
458.30      6.6
458.40      6.6
458.50      6.6
458.60      6.6
458.70      6.6
458.80      6.6
458.90      6.6
459.00      6.6
459.10      6.6
459.20      6.6
459.30      6.6
459.40      6.6
459.50      6.6
459.60      6.6
459.70      6.6
459.80      6.6
459.90      6.6
460.00      6.6
460.10      6.6
460.20      6.6
460.30      6.6
460.40      6.6
460.50      6.6
460.60      6.6
460.70      6.6
460.80      6.6
460.90      6.6
461.00      6.6
461.10      6.6
461.20      6.6
461.30      6.6
461.40      6.6
461.50      6.6
461.60      6.6
461.70      6.6
461.80      6.6
461.90      6.6
462.00      6.6
462.10      6.6
462.20      6.6
462.30      6.6
462.40      6.6
462.50      6.6
462.60      6.6
462.70      6.6
462.80      6.6
462.90      6.6
463.00      6.6
463.10      6.6
463.20      6.6
463.30      6.6
463.40      6.6
463.50      6.6
463.60      6.6
463.70      6.6
463.80      6.6
463.90      6.6
464.00      6.6
464.10      6.6
464.20      6.6
464.30      6.6
464.40      6.6
464.50      6.6
464.60      6.6
464.70      6.6
464.80      6.6
464.90      6.6
465.00      6.6
465.10      6.6
465.20      6.6
465.30      6.6
465.40      6.6
465.50      6.6
465.60      6.6
465.70      6.6
465.80      6.6
465.90      6.6
466.00      6.6
466.10      6.6
466.20      6.6
466.30      6.6
466.40      6.6
466.50      6.6
466.60      6.6
466.70      6.6
466.80      6.6
466.90      6.6
467.00      6.6
467.10      6.6
467.20      6.6
467.30      6.6
467.40      6.6
467.50      6.6
467.60      6.6
467.70      6.6
467.80      6.6
467.90      6.6
468.00      6.6
468.10      6.6
468.20      6.6
468.30      6.6
468.40      6.6
468.50      6.6
468.60      6.6
468.70      6.6
468.80      6.6
468.90      6.6
469.00      6.6
469.10      6.6
469.20      6.6
469.30      6.6
469.40      6.6
469.50      6.6
469.60      6.6
469.70      6.6
469.80      6.6
469.90      6.6
470.00      6.6
470.10      6.6
470.20      6.6
470.30      6.6
470.40      6.6
470.50      6.6
470.60      6.6
470.70      6.6
470.80      6.6
470.90      6.6
471.00      6.6
471.10      6.6
471.20      6.6
471.30      6.6
471.40      6.6
471.50      6.6
471.60      6.6
471.70      6.6
471.80      6.6
471.90      6.6
472.00      6.6
472.10      6.6
472.20      6.6
472.30      6.6
472.40      6.6
472.50      6.6
472.60      6.6
472.70      6.6
472.80      6.6
472.90      6.6
473.00      6.6
473.10      6.6
473.20      6.6
473.30      6.6
473.40      6.6
473.50      6.6
473.60      6.6
473.70      6.6
473.80      6.6
473.90      6.6
474.00      6.6
474.10      6.6
474.20      6.6
474.30      6.6
474.40      6.6
474.50      6.6
474.60      6.6
474.70      6.6
474.80      6.6
474.90      6.6
475.00      6.6
475.10      6.6
475.20      6.6
475.30      6.6
475.40      6.6
475.50      6.6
475.60      6.6
475.70      6.6
475.80      6.6
475.90      6.6
476.00      6.6
476.10      6.6
476.20      6.6
476.30      6.6
476.40      6.6
476.50      6.6
476.60      6.6
476.70      6.6
476.80      6.6
476.90      6.6
477.00      6.6
477.10      6.6
477.20      6.6
477.30      6.6
477.40      6.6
477.50      6.6
477.60      6.6
477.70      6.6
477.80      6.6
477.90      6.6
478.00      6.6
478.10      6.6
478.20      6.6
478.30      6.6
478.40      6.6
478.50      6.6
478.60      6.6
478.70      6.6
478.80      6.6
478.90      6.6
479.00      6.6
479.10      6.6
479.20      6.6
479.30      6.6
479.40      6.6
479.50      6.6
479.60      6.6
479.70      6.6
479.80      6.6
479.90      6.6
480.00      6.6
480.10      6.6
480.20      6.6
480.30      6.6
480.40      6.6
480.50      6.6
480.60      6.6
480.70      6.6
480.80      6.6
480.90      6.6
481.00      6.6
481.10      6.6
481.20      6.6
481.30      6.6
481.40      6.6
481.50      6.6
481.60      6.6
481.70      6.6
481.80      6.6
481.90      6.6
482.00      6.6
482.10      6.6
482.20      6.6
482.30      6.6
482.40      6.6
482.50      6.6
482.60      6.6
482.70      6.6
482.80      6.6
482.90      6.6
483.00      6.6
483.10      6.6
483.20      6.6
483.30      6.6
483.40      6.6
483.50      6.6
483.60      6.6
483.70      6.6
483.80      6.6
483.90      6.6
484.00      6.6
484.10      6.6
484.20      6.6
484.30      6.6
484.40      6.6
484.50      6.6
484.60      6.6
484.70      6.6
484.80      6.6
484.90      6.6
485.00      6.6
485.10      6.6
485.20      6.6
485.30      6.6
485.40      6.6
485.50      6.6
485.60      6.6
485.70      6.6
485.80      6.6
485.90      6.6
486.00      6.6
486.10      6.6
486.20      6.6
486.30      6.6
486.40      6.6
486.50      6.6
486.60      6.6
486.70      6.6
486.80      6.6
486.90      6.6
487.00      6.6
487.10      6.6
487.20      6.6
487.30      6.6
487.40      6.6
487.50      6.6
487.60      6.6
487.70      6.6
487.80      6.6
487.90      6.6
488.00      6.6
488.10      6.6
488.20      6.6
488.30      6.6
488.40      6.6
488.50      6.6
488.60      6.6
488.70      6.6
488.80      6.6
488.90      6.6
489.00      6.6
489.10      6.6
489.20      6.6
489.30      6.6
489.40      6.6
489.50      6.6
489.60      6.6
489.70      6.6
489.80      6.6
489.90      6.6
490.00      6.6
490.10      6.6
490.20      6.6
490.30      6.6
490.40      6.6
490.50      6.6
490.60      6.6
490.70      6.6
490.80      6.6
490.90      6.6
491.00      6.6
491.10      6.6
491.20      6.6
491.30      6.6
491.40      6.6
491.50      6.6
491.60      6.6
491.70      6.6
491.80      6.6
491.90      6.6
492.00      6.6
492.10      6.6
492.20      6.6
492.30      6.6
492.40      6.6
492.50      6.6
492.60      6.6
492.70      6.6
492.80      6.6
492.90      6.6
493.00      6.6
493.10      6.6
493.20      6.6
493.30      6.6
493.40      6.6
493.50      6.6
493.60      6.6
493.70      6.6
493.80      6.6
493.90      6.6
494.00      6.6
494.10      6.6
494.20      6.6
494.30      6.6
494.40      6.6
494.50      6.6
494.60      6.6
494.70      6.6
494.80      6.6
494.90      6.6
495.00      6.6
495.10      6.6
495.20      6.6
495.30      6.6
495.40      6.6
495.50      6.6
495.60      6.6
495.70      6.6
495.80      6.6
495.90      6.6
496.00      6.6
496.10      6.6
496.20      6.6
496.30      6.6
496.40      6.6
496.50      6.6
496.60      6.6
496.70      6.6
496.80      6.6
496.90      6.6
497.00      6.6
497.10      6.6
497.20      6.6
497.30      6.6
497.40      6.6
497.50      6.8
497.60      6.6
497.70      6.6
497.80      6.6
497.90      6.8
498.00      6.8
498.10      6.6
498.20      6.6
498.30      6.6
498.40      6.6
498.50      6.6
498.60      6.6
498.70      6.6
498.80      6.6
498.90      6.6
499.00      6.6
499.10      6.6
499.20      6.6
499.30      6.6
499.40      6.6
499.50      6.6
499.60      6.6
499.70      6.6
499.80      6.6
499.90      6.6
500.00      6.6
500.10      6.6
500.20      6.6
500.30      6.6
500.40      6.6
500.50      6.6
500.60      6.6
500.70      6.6
500.80      6.6
500.90      6.6
501.00      6.6
501.10      6.6
501.20      6.6
501.30      6.6
501.40      6.6
501.50      6.6
501.60      6.6
501.70      6.6
501.80      6.6
501.90      6.6
502.00      6.6
502.10      6.6
502.20      6.6
502.30      6.6
502.40      6.6
502.50      6.6
502.60      6.6
502.70      6.6
502.80      6.6
502.90      6.6
503.00      6.6
503.10      6.6
503.20      6.6
503.30      6.6
503.40      6.6
503.50      6.6
503.60      6.6
503.70      6.6
503.80      6.6
503.90      6.6
504.00      6.6
504.10      6.6
504.20      6.6
504.30      6.6
504.40      6.6
504.50      6.6
504.60      6.6
504.70      6.6
504.80      6.6
504.90      6.6
505.00      6.6
505.10      6.6
505.20      6.6
505.30      6.6
505.40      6.6
505.50      6.6
505.60      6.6
505.70      6.6
505.80      6.6
505.90      6.6
506.00      6.6
506.10      6.6
506.20      6.6
506.30      6.6
506.40      6.6
506.50      6.6
506.60      6.6
506.70      6.6
506.80      6.6
506.90      6.6
507.00      6.6
507.10      6.6
507.20      6.6
507.30      6.6
507.40      6.6
507.50      6.6
507.60      6.6
507.70      6.6
507.80      6.6
507.90      6.6
508.00      6.6
508.10      6.6
508.20      6.6
508.30      6.6
508.40      6.6
508.50      6.6
508.60      6.6
508.70      6.6
508.80      6.6
508.90      6.6
509.00      6.6
509.10      6.6
509.20      6.6
509.30      6.6
509.40      6.6
509.50      6.6
509.60      6.6
509.70      6.6
509.80      6.6
509.90      6.6
510.00      6.6
510.10      6.6
510.20      6.6
510.30      6.6
510.40      6.6
510.50      6.6
510.60      6.6
510.70      6.6
510.80      6.6
510.90      6.6
511.00      6.6
511.10      6.6
511.20      6.6
511.30      6.6
511.40      6.6
511.50      6.6
511.60      6.6
511.70      6.6
511.80      6.6
511.90      6.6
512.00      6.6
512.10      6.6
512.20      6.6
512.30      6.6
512.40      6.6
512.50      6.6
512.60      6.6
512.70      6.6
512.80      6.6
512.90      6.6
513.00      6.6
513.10      6.6
513.20      6.6
513.30      6.6
513.40      6.6
513.50      6.6
513.60      6.6
513.70      6.6
513.80      6.6
513.90      6.6
514.00      6.6
514.10      6.6
514.20      6.6
514.30      6.6
514.40      6.6
514.50      6.6
514.60      6.6
514.70      6.6
514.80      6.6
514.90      6.6
515.00      6.6
515.10      6.6
515.20      6.6
515.30      6.6
515.40      6.6
515.50      6.6
515.60      6.6
515.70      6.6
515.80      6.6
515.90      6.6
516.00      6.6
516.10      6.6
516.20      6.6
516.30      6.6
516.40      6.6
516.50      6.6
516.60      6.6
516.70      6.6
516.80      6.6
516.90      6.6
517.00      6.6
517.10      6.6
517.20      6.6
517.30      6.6
517.40      6.6
517.50      6.6
517.60      6.6
517.70      6.6
517.80      6.6
517.90      6.6
518.00      6.6
518.10      6.6
518.20      6.6
518.30      6.6
518.40      6.6
518.50      6.6
518.60      6.6
518.70      6.6
518.80      6.6
518.90      6.6
519.00      6.6
519.10      6.6
519.20      6.6
519.30      6.6
519.40      6.6
519.50      6.6
519.60      6.6
519.70      6.6
519.80      6.6
519.90      6.6
520.00      6.6
520.10      6.6
520.20      6.6
520.30      6.6
520.40      6.6
520.50      6.6
520.60      6.6
520.70      6.6
520.80      6.6
520.90      6.6
521.00      6.6
521.10      6.6
521.20      6.6
521.30      6.6
521.40      6.6
521.50      6.6
521.60      6.6
521.70      6.6
521.80      6.6
521.90      6.6
522.00      6.6
522.10      6.6
522.20      6.6
522.30      6.6
522.40      6.6
522.50      6.6
522.60      6.6
522.70      6.6
522.80      6.6
522.90      6.6
523.00      6.6
523.10      6.6
523.20      6.6
523.30      6.6
523.40      6.6
523.50      6.6
523.60      6.6
523.70      6.6
523.80      6.6
523.90      6.6
524.00      6.6
524.10      6.6
524.20      6.6
524.30      6.6
524.40      6.6
524.50      6.6
524.60      6.6
524.70      6.6
524.80      6.6
524.90      6.6
525.00      6.6
525.10      6.6
525.20      6.6
525.30      6.6
525.40      6.6
525.50      6.6
525.60      6.6
525.70      6.6
525.80      6.6
525.90      6.6
526.00      6.6
526.10      6.6
526.20      6.6
526.30      6.6
526.40      6.6
526.50      6.6
526.60      6.6
526.70      6.6
526.80      6.6
526.90      6.6
527.00      6.6
527.10      6.6
527.20      6.6
527.30      6.6
527.40      6.6
527.50      6.6
527.60      6.6
527.70      6.6
527.80      6.6
527.90      6.6
528.00      6.6
528.10      6.6
528.20      6.6
528.30      6.6
528.40      6.6
528.50      6.6
528.60      6.6
528.70      6.6
528.80      6.6
528.90      6.6
529.00      6.6
529.10      6.6
529.20      6.6
529.30      6.6
529.40      6.6
529.50      6.6
529.60      6.6
529.70      6.6
529.80      6.6
529.90      6.6
530.00      6.6
530.10      6.6
530.20      6.6
530.30      6.6
530.40      6.6
530.50      6.6
530.60      6.6
530.70      6.6
530.80      6.6
530.90      6.6
531.00      6.6
531.10      6.6
531.20      6.6
531.30      6.6
531.40      6.6
531.50      6.6
531.60      6.6
531.70      6.6
531.80      6.6
531.90      6.6
532.00      6.6
532.10      6.6
532.20      6.6
532.30      6.6
532.40      6.6
532.50      6.6
532.60      6.6
532.70      6.6
532.80      6.6
532.90      6.6
533.00      6.6
533.10      6.6
533.20      6.6
533.30      6.6
533.40      6.6
533.50      6.6
533.60      6.6
533.70      6.6
533.80      6.6
533.90      6.6
534.00      6.6
534.10      6.6
534.20      6.6
534.30      6.6
534.40      6.6
534.50      6.6
534.60      6.6
534.70      6.6
534.80      6.6
534.90      6.6
535.00      6.6
535.10      6.6
535.20      6.6
535.30      6.6
535.40      6.6
535.50      6.6
535.60      6.6
535.70      6.6
535.80      6.6
535.90      6.6
536.00      6.6
536.10      6.6
536.20      6.6
536.30      6.6
536.40      6.6
536.50      6.6
536.60      6.6
536.70      6.6
536.80      6.6
536.90      6.6
537.00      6.6
537.10      6.6
537.20      6.6
537.30      6.6
537.40      6.6
537.50      6.6
537.60      6.6
537.70      6.6
537.80      6.6
537.90      6.6
538.00      6.6
538.10      6.6
538.20      6.6
538.30      6.6
538.40      6.6
538.50      6.6
538.60      6.6
538.70      6.6
538.80      6.6
538.90      6.6
539.00      6.6
539.10      6.6
539.20      6.6
539.30      6.6
539.40      6.6
539.50      6.6
539.60      6.6
539.70      6.6
539.80      6.6
539.90      6.6
540.00      6.6
540.10      6.6
540.20      6.6
540.30      6.6
540.40      6.6
540.50      6.6
540.60      6.6
540.70      6.6
540.80      6.6
540.90      6.6
541.00      6.6
541.10      6.6
541.20      6.6
541.30      6.6
541.40      6.6
541.50      6.6
541.60      6.6
541.70      6.6
541.80      6.6
541.90      6.6
542.00      6.6
542.10      6.6
542.20      6.6
542.30      6.6
542.40      6.6
542.50      6.6
542.60      6.6
542.70      6.6
542.80      6.6
542.90      6.6
543.00      6.6
543.10      6.6
543.20      6.6
543.30      6.6
543.40      6.6
543.50      6.6
543.60      6.6
543.70      6.6
543.80      6.6
543.90      6.6
544.00      6.6
544.10      6.6
544.20      6.6
544.30      6.6
544.40      6.6
544.50      6.6
544.60      6.6
544.70      6.6
544.80      6.6
544.90      6.6
545.00      6.6
545.10      6.6
545.20      6.6
545.30      6.6
545.40      6.6
545.50      6.6
545.60      6.6
545.70      6.6
545.80      6.6
545.90      6.6
546.00      6.6
546.10      6.6
546.20      6.6
546.30      6.6
546.40      6.6
546.50      6.6
546.60      6.6
546.70      6.6
546.80      6.6
546.90      6.6
547.00      6.6
547.10      6.6
547.20      6.6
547.30      6.6
547.40      6.6
547.50      6.6
547.60      6.6
547.70      6.6
547.80      6.6
547.90      6.6
548.00      6.6
548.10      6.6
548.20      6.6
548.30      6.6
548.40      6.6
548.50      6.6
548.60      6.6
548.70      6.6
548.80      6.6
548.90      6.6
549.00      6.6
549.10      6.6
549.20      6.6
549.30      6.6
549.40      6.6
549.50      6.6
549.60      6.6
549.70      6.6
549.80      6.6
549.90      6.6
550.00      6.6
550.10      6.6
550.20      6.6
550.30      6.6
550.40      6.6
550.50      6.6
550.60      6.6
550.70      6.6
550.80      6.6
550.90      6.6
551.00      6.6
551.10      6.6
551.20      6.6
551.30      6.6
551.40      6.6
551.50      6.6
551.60      6.6
551.70      6.6
551.80      6.6
551.90      6.6
552.00      6.6
552.10      6.6
552.20      6.6
552.30      6.6
552.40      6.6
552.50      6.6
552.60      6.6
552.70      6.6
552.80      6.6
552.90      6.6
553.00      6.6
553.10      6.6
553.20      6.6
553.30      6.6
553.40      6.6
553.50      6.6
553.60      6.6
553.70      6.6
553.80      6.6
553.90      6.6
554.00      6.6
554.10      6.6
554.20      6.6
554.30      6.6
554.40      6.6
554.50      6.6
554.60      6.6
554.70      6.6
554.80      6.6
554.90      6.6
555.00      6.6
555.10      6.6
555.20      6.6
555.30      6.6
555.40      6.6
555.50      6.6
555.60      6.6
555.70      6.6
555.80      6.6
555.90      6.6
556.00      6.6
556.10      6.6
556.20      6.6
556.30      6.6
556.40      6.6
556.50      6.6
556.60      6.6
556.70      6.6
556.80      6.6
556.90      6.6
557.00      6.6
557.10      6.6
557.20      6.6
557.30      6.6
557.40      6.6
557.50      6.6
557.60      6.6
557.70      6.6
557.80      6.6
557.90      6.6
558.00      6.6
558.10      6.6
558.20      6.6
558.30      6.6
558.40      6.6
558.50      6.6
558.60      6.6
558.70      6.6
558.80      6.6
558.90      6.6
559.00      6.6
559.10      6.6
559.20      6.6
559.30      6.6
559.40      6.6
559.50      6.6
559.60      6.6
559.70      6.6
559.80      6.6
559.90      6.6
560.00      6.6
560.10      6.6
560.20      6.6
560.30      6.6
560.40      6.6
560.50      6.6
560.60      6.6
560.70      6.6
560.80      6.6
560.90      6.6
561.00      6.6
561.10      6.6
561.20      6.6
561.30      6.6
561.40      6.6
561.50      6.6
561.60      6.6
561.70      6.6
561.80      6.6
561.90      6.6
562.00      6.6
562.10      6.6
562.20      6.6
562.30      6.6
562.40      6.6
562.50      6.6
562.60      6.6
562.70      6.6
562.80      6.6
562.90      6.6
563.00      6.6
563.10      6.6
563.20      6.6
563.30      6.6
563.40      6.6
563.50      6.6
563.60      6.6
563.70      6.6
563.80      6.6
563.90      6.6
564.00      6.6
564.10      6.6
564.20      6.6
564.30      6.6
564.40      6.6
564.50      6.6
564.60      6.6
564.70      6.6
564.80      6.6
564.90      6.6
565.00      6.6
565.10      6.6
565.20      6.6
565.30      6.6
565.40      6.6
565.50      6.6
565.60      6.6
565.70      6.6
565.80      6.6
565.90      6.6
566.00      6.6
566.10      6.6
566.20      6.6
566.30      6.6
566.40      6.6
566.50      6.6
566.60      6.6
566.70      6.6
566.80      6.6
566.90      6.6
567.00      6.6
567.10      6.6
567.20      6.6
567.30      6.6
567.40      6.6
567.50      6.6
567.60      6.6
567.70      6.6
567.80      6.6
567.90      6.6
568.00      6.6
568.10      6.6
568.20      6.8
568.30      8.1
568.40      7.8
568.50      6.6
568.60      6.6
568.70      6.6
568.80      7.1
568.90      9.3
569.00      8.8
569.10      6.6
569.20      6.6
569.30      6.6
569.40      6.6
569.50      6.6
569.60      6.6
569.70      6.6
569.80      6.6
569.90      6.6
570.00      6.6
570.10      6.6
570.20      6.6
570.30      6.6
570.40      6.6
570.50      6.6
570.60      6.6
570.70      6.6
570.80      6.6
570.90      6.6
571.00      6.6
571.10      6.6
571.20      6.6
571.30      6.6
571.40      6.6
571.50      6.6
571.60      6.6
571.70      6.6
571.80      6.6
571.90      6.6
572.00      6.6
572.10      6.6
572.20      6.6
572.30      6.6
572.40      6.6
572.50      6.6
572.60      6.6
572.70      6.6
572.80      6.6
572.90      6.6
573.00      6.6
573.10      6.6
573.20      6.6
573.30      6.6
573.40      6.6
573.50      6.6
573.60      6.6
573.70      6.6
573.80      6.6
573.90      6.6
574.00      6.6
574.10      6.6
574.20      6.6
574.30      6.6
574.40      6.6
574.50      6.6
574.60      6.6
574.70      6.6
574.80      6.6
574.90      6.6
575.00      6.6
575.10      6.6
575.20      6.6
575.30      6.6
575.40      6.6
575.50      6.6
575.60      6.6
575.70      6.6
575.80      6.6
575.90      6.6
576.00      6.6
576.10      6.6
576.20      6.6
576.30      6.6
576.40      6.6
576.50      6.6
576.60      6.6
576.70      6.6
576.80      6.6
576.90      6.6
577.00      6.6
577.10      6.6
577.20      6.6
577.30      6.6
577.40      6.6
577.50      6.6
577.60      6.6
577.70      6.6
577.80      6.6
577.90      6.6
578.00      6.6
578.10      6.6
578.20      6.6
578.30      6.6
578.40      6.6
578.50      6.6
578.60      6.6
578.70      6.6
578.80      6.6
578.90      6.6
579.00      6.6
579.10      6.6
579.20      6.6
579.30      6.6
579.40      6.6
579.50      6.6
579.60      6.6
579.70      6.6
579.80      6.6
579.90      6.6
580.00      6.6
580.10      6.6
580.20      6.6
580.30      6.6
580.40      6.6
580.50      6.6
580.60      6.6
580.70      6.6
580.80      6.6
580.90      6.6
581.00      6.6
581.10      6.6
581.20      6.6
581.30      6.6
581.40      6.6
581.50      6.6
581.60      6.6
581.70      6.6
581.80      6.6
581.90      6.6
582.00      6.6
582.10      6.6
582.20      6.6
582.30      6.6
582.40      6.6
582.50      6.6
582.60      6.6
582.70      6.6
582.80      6.6
582.90      6.6
583.00      6.6
583.10      6.6
583.20      6.6
583.30      6.6
583.40      6.8
583.50      6.8
583.60      6.6
583.70      6.8
583.80      6.8
583.90      6.8
584.00      6.8
584.10      6.8
584.20      6.8
584.30      6.8
584.40      6.8
584.50      6.8
584.60      6.8
584.70      6.8
584.80      6.8
584.90      6.8
585.00      6.8
585.10      6.8
585.20      6.8
585.30      6.8
585.40      6.8
585.50      6.8
585.60      6.6
585.70      6.6
585.80      6.6
585.90      6.6
586.00      6.6
586.10      6.6
586.20      6.6
586.30      6.6
586.40      6.6
586.50      6.6
586.60      6.6
586.70      6.6
586.80      6.8
586.90      6.8
587.00      6.6
587.10      6.8
587.20      6.8
587.30      6.8
587.40      6.8
587.50      6.8
587.60      6.8
587.70      6.8
587.80      6.8
587.90      6.8
588.00      6.8
588.10      7.1
588.20      7.1
588.30      7.1
588.40      7.1
588.50      7.3
588.60      7.3
588.70      7.6
588.80      8.1
588.90      8.8
589.00      13.7
589.10      127.0
589.20      316.0
589.30      127.0
589.40      15.6
589.50      11.0
589.60      15.4
589.70      194.6
589.80      278.4
589.90      42.7
590.00      10.5
590.10      8.5
590.20      7.8
590.30      7.6
590.40      7.3
590.50      7.1
590.60      7.1
590.70      6.8
590.80      6.8
590.90      6.8
591.00      6.8
591.10      6.8
591.20      6.8
591.30      6.8
591.40      6.8
591.50      6.8
591.60      6.8
591.70      6.8
591.80      6.8
591.90      6.8
592.00      6.6
592.10      6.8
592.20      6.8
592.30      6.8
592.40      6.8
592.50      6.8
592.60      6.6
592.70      6.6
592.80      6.6
592.90      6.6
593.00      6.6
593.10      6.6
593.20      6.6
593.30      6.6
593.40      6.6
593.50      6.6
593.60      6.6
593.70      6.6
593.80      6.6
593.90      6.6
594.00      6.6
594.10      6.6
594.20      6.6
594.30      6.6
594.40      6.6
594.50      6.6
594.60      6.6
594.70      6.6
594.80      6.6
594.90      6.6
595.00      6.6
595.10      6.6
595.20      6.6
595.30      6.6
595.40      6.6
595.50      6.6
595.60      6.6
595.70      6.6
595.80      6.6
595.90      6.6
596.00      6.6
596.10      6.6
596.20      6.6
596.30      6.6
596.40      6.6
596.50      6.6
596.60      6.6
596.70      6.6
596.80      6.6
596.90      6.6
597.00      6.6
597.10      6.6
597.20      6.6
597.30      6.6
597.40      6.6
597.50      6.6
597.60      6.6
597.70      6.6
597.80      6.6
597.90      6.6
598.00      6.6
598.10      6.6
598.20      6.6
598.30      6.6
598.40      6.6
598.50      6.6
598.60      6.6
598.70      6.6
598.80      6.6
598.90      6.6
599.00      6.6
599.10      6.6
599.20      6.6
599.30      6.6
599.40      6.6
599.50      6.6
599.60      6.6
599.70      6.6
599.80      6.6
599.90      6.6
600.00      6.6
600.10      6.6
600.20      6.6
600.30      6.6
600.40      6.6
600.50      6.6
600.60      6.6
600.70      6.6
600.80      6.6
600.90      6.6
601.00      6.6
601.10      6.6
601.20      6.6
601.30      6.6
601.40      6.6
601.50      6.6
601.60      6.6
601.70      6.6
601.80      6.6
601.90      6.6
602.00      6.6
602.10      6.6
602.20      6.6
602.30      6.6
602.40      6.6
602.50      6.6
602.60      6.6
602.70      6.6
602.80      6.6
602.90      6.6
603.00      6.6
603.10      6.6
603.20      6.6
603.30      6.6
603.40      6.6
603.50      6.6
603.60      6.6
603.70      6.6
603.80      6.6
603.90      6.6
604.00      6.6
604.10      6.6
604.20      6.6
604.30      6.6
604.40      6.6
604.50      6.6
604.60      6.6
604.70      6.6
604.80      6.6
604.90      6.6
605.00      6.6
605.10      6.6
605.20      6.6
605.30      6.6
605.40      6.6
605.50      6.6
605.60      6.6
605.70      6.6
605.80      6.6
605.90      6.6
606.00      6.6
606.10      6.6
606.20      6.6
606.30      6.6
606.40      6.6
606.50      6.6
606.60      6.6
606.70      6.6
606.80      6.6
606.90      6.6
607.00      6.6
607.10      6.6
607.20      6.6
607.30      6.6
607.40      6.6
607.50      6.6
607.60      6.6
607.70      6.6
607.80      6.6
607.90      6.6
608.00      6.6
608.10      6.6
608.20      6.6
608.30      6.6
608.40      6.6
608.50      6.6
608.60      6.6
608.70      6.6
608.80      6.6
608.90      6.6
609.00      6.6
609.10      6.6
609.20      6.6
609.30      6.6
609.40      6.6
609.50      6.6
609.60      6.6
609.70      6.6
609.80      6.6
609.90      6.6
610.00      6.6
610.10      6.6
610.20      6.6
610.30      6.6
610.40      6.6
610.50      6.6
610.60      6.6
610.70      6.6
610.80      6.6
610.90      6.6
611.00      6.6
611.10      6.6
611.20      6.6
611.30      6.6
611.40      6.6
611.50      6.6
611.60      6.6
611.70      6.6
611.80      6.6
611.90      6.6
612.00      6.6
612.10      6.6
612.20      6.6
612.30      6.6
612.40      6.6
612.50      6.6
612.60      6.6
612.70      6.6
612.80      6.6
612.90      6.6
613.00      6.6
613.10      6.6
613.20      6.6
613.30      6.6
613.40      6.6
613.50      6.6
613.60      6.6
613.70      6.6
613.80      6.6
613.90      6.6
614.00      6.6
614.10      6.6
614.20      6.6
614.30      6.6
614.40      6.6
614.50      6.6
614.60      6.6
614.70      6.6
614.80      6.6
614.90      6.6
615.00      6.6
615.10      6.6
615.20      6.6
615.30      6.6
615.40      6.6
615.50      6.6
615.60      6.6
615.70      6.6
615.80      6.8
615.90      6.8
616.00      6.6
616.10      6.6
616.20      6.6
616.30      6.6
616.40      6.6
616.50      6.8
616.60      6.8
616.70      6.6
616.80      6.6
616.90      6.6
617.00      6.6
617.10      6.6
617.20      6.6
617.30      6.6
617.40      6.6
617.50      6.6
617.60      6.6
617.70      6.6
617.80      6.6
617.90      6.6
618.00      6.6
618.10      6.6
618.20      6.6
618.30      6.6
618.40      6.6
618.50      6.6
618.60      6.6
618.70      6.6
618.80      6.6
618.90      6.6
619.00      6.6
619.10      6.6
619.20      6.6
619.30      6.6
619.40      6.6
619.50      6.6
619.60      6.6
619.70      6.6
619.80      6.6
619.90      6.6
620.00      6.6
620.10      6.6
620.20      6.6
620.30      6.6
620.40      6.6
620.50      6.6
620.60      6.6
620.70      6.6
620.80      6.6
620.90      6.6
621.00      6.6
621.10      6.6
621.20      6.6
621.30      6.6
621.40      6.6
621.50      6.6
621.60      6.6
621.70      6.6
621.80      6.6
621.90      6.6
622.00      6.6
622.10      6.6
622.20      6.6
622.30      6.6
622.40      6.6
622.50      6.6
622.60      6.6
622.70      6.6
622.80      6.6
622.90      6.6
623.00      6.6
623.10      6.6
623.20      6.6
623.30      6.6
623.40      6.6
623.50      6.6
623.60      6.6
623.70      6.6
623.80      6.6
623.90      6.6
624.00      6.6
624.10      6.6
624.20      6.6
624.30      6.6
624.40      6.6
624.50      6.6
624.60      6.6
624.70      6.6
624.80      6.6
624.90      6.6
625.00      6.6
625.10      6.6
625.20      6.6
625.30      6.6
625.40      6.6
625.50      6.6
625.60      6.6
625.70      6.6
625.80      6.6
625.90      6.6
626.00      6.6
626.10      6.6
626.20      6.6
626.30      6.6
626.40      6.6
626.50      6.6
626.60      6.6
626.70      6.6
626.80      6.6
626.90      6.6
627.00      6.6
627.10      6.6
627.20      6.6
627.30      6.6
627.40      6.6
627.50      6.6
627.60      6.6
627.70      6.6
627.80      6.6
627.90      6.6
628.00      6.6
628.10      6.6
628.20      6.6
628.30      6.6
628.40      6.6
628.50      6.6
628.60      6.6
628.70      6.6
628.80      6.6
628.90      6.6
629.00      6.6
629.10      6.6
629.20      6.6
629.30      6.6
629.40      6.6
629.50      6.6
629.60      6.6
629.70      6.6
629.80      6.6
629.90      6.6
630.00      6.6
630.10      6.6
630.20      6.6
630.30      6.6
630.40      6.6
630.50      6.6
630.60      6.6
630.70      6.6
630.80      6.6
630.90      6.6
631.00      6.6
631.10      6.6
631.20      6.6
631.30      6.6
631.40      6.6
631.50      6.6
631.60      6.6
631.70      6.6
631.80      6.6
631.90      6.6
632.00      6.6
632.10      6.6
632.20      6.6
632.30      6.6
632.40      6.6
632.50      6.6
632.60      6.6
632.70      6.6
632.80      6.6
632.90      6.6
633.00      6.6
633.10      6.6
633.20      6.6
633.30      6.6
633.40      6.6
633.50      6.6
633.60      6.6
633.70      6.6
633.80      6.6
633.90      6.6
634.00      6.6
634.10      6.6
634.20      6.6
634.30      6.6
634.40      6.6
634.50      6.6
634.60      6.6
634.70      6.6
634.80      6.6
634.90      6.6
635.00      6.6
635.10      6.6
635.20      6.6
635.30      6.6
635.40      6.6
635.50      6.6
635.60      6.6
635.70      6.6
635.80      6.6
635.90      6.6
636.00      6.6
636.10      6.6
636.20      6.6
636.30      6.6
636.40      6.6
636.50      6.6
636.60      6.6
636.70      6.6
636.80      6.6
636.90      6.6
637.00      6.6
637.10      6.6
637.20      6.6
637.30      6.6
637.40      6.6
637.50      6.6
637.60      6.6
637.70      6.6
637.80      6.6
637.90      6.6
638.00      6.6
638.10      6.6
638.20      6.6
638.30      6.6
638.40      6.6
638.50      6.6
638.60      6.6
638.70      6.6
638.80      6.6
638.90      6.6
639.00      6.6
639.10      6.6
639.20      6.6
639.30      6.6
639.40      6.6
639.50      6.6
639.60      6.6
639.70      6.6
639.80      6.6
639.90      6.6
640.00      6.6
640.10      6.6
640.20      6.6
640.30      6.6
640.40      6.6
640.50      6.6
640.60      6.6
640.70      6.6
640.80      6.6
640.90      6.6
641.00      6.6
641.10      6.6
641.20      6.6
641.30      6.6
641.40      6.6
641.50      6.6
641.60      6.6
641.70      6.6
641.80      6.6
641.90      6.6
642.00      6.6
642.10      6.6
642.20      6.6
642.30      6.6
642.40      6.6
642.50      6.6
642.60      6.6
642.70      6.6
642.80      6.6
642.90      6.6
643.00      6.6
643.10      6.6
643.20      6.6
643.30      6.6
643.40      6.6
643.50      6.6
643.60      6.6
643.70      6.6
643.80      6.6
643.90      6.6
644.00      6.6
644.10      6.6
644.20      6.6
644.30      6.6
644.40      6.6
644.50      6.6
644.60      6.6
644.70      6.6
644.80      6.6
644.90      6.6
645.00      6.6
645.10      6.6
645.20      6.6
645.30      6.6
645.40      6.6
645.50      6.6
645.60      6.6
645.70      6.6
645.80      6.6
645.90      6.6
646.00      6.6
646.10      6.6
646.20      6.6
646.30      6.6
646.40      6.6
646.50      6.6
646.60      6.6
646.70      6.6
646.80      6.6
646.90      6.6
647.00      6.6
647.10      6.6
647.20      6.6
647.30      6.6
647.40      6.6
647.50      6.6
647.60      6.6
647.70      6.6
647.80      6.6
647.90      6.6
648.00      6.6
648.10      6.6
648.20      6.6
648.30      6.6
648.40      6.6
648.50      6.6
648.60      6.6
648.70      6.6
648.80      6.6
648.90      6.6
649.00      6.6
649.10      6.6
649.20      6.6
649.30      6.6
649.40      6.6
649.50      6.6
649.60      6.6
649.70      6.6
649.80      6.6
649.90      6.6
650.00      6.6
