400.00      8.5
400.10      8.5
400.20      8.5
400.30      8.5
400.40      8.5
400.50      8.5
400.60      8.5
400.70      8.5
400.80      8.5
400.90      8.5
401.00      8.5
401.10      8.5
401.20      8.5
401.30      8.5
401.40      8.5
401.50      8.5
401.60      8.5
401.70      8.5
401.80      8.5
401.90      8.5
402.00      8.5
402.10      8.5
402.20      8.5
402.30      8.5
402.40      8.5
402.50      8.5
402.60      8.5
402.70      8.5
402.80      8.5
402.90      8.5
403.00      8.5
403.10      8.5
403.20      8.5
403.30      8.5
403.40      8.5
403.50      8.5
403.60      8.5
403.70      8.5
403.80      8.5
403.90      8.5
404.00      8.5
404.10      8.5
404.20      8.5
404.30      8.5
404.40      8.5
404.50      8.5
404.60      8.5
404.70      8.5
404.80      8.5
404.90      8.5
405.00      8.5
405.10      8.5
405.20      8.5
405.30      8.5
405.40      8.5
405.50      8.5
405.60      8.5
405.70      8.5
405.80      8.5
405.90      8.5
406.00      8.5
406.10      8.5
406.20      8.5
406.30      8.5
406.40      8.5
406.50      8.5
406.60      8.5
406.70      8.5
406.80      8.5
406.90      8.5
407.00      8.5
407.10      8.5
407.20      8.5
407.30      8.5
407.40      8.5
407.50      8.5
407.60      8.5
407.70      8.5
407.80      8.5
407.90      8.5
408.00      8.5
408.10      8.5
408.20      8.5
408.30      8.5
408.40      8.5
408.50      8.5
408.60      8.5
408.70      8.5
408.80      8.5
408.90      8.5
409.00      8.5
409.10      8.5
409.20      8.5
409.30      8.5
409.40      8.5
409.50      8.5
409.60      8.5
409.70      8.5
409.80      8.5
409.90      8.5
410.00      8.5
410.10      8.5
410.20      8.5
410.30      8.5
410.40      8.5
410.50      8.5
410.60      8.5
410.70      8.5
410.80      8.5
410.90      8.5
411.00      8.5
411.10      8.5
411.20      8.5
411.30      8.5
411.40      8.5
411.50      8.5
411.60      8.5
411.70      8.5
411.80      8.5
411.90      8.5
412.00      8.5
412.10      8.5
412.20      8.5
412.30      8.5
412.40      8.5
412.50      8.5
412.60      8.5
412.70      8.5
412.80      8.5
412.90      8.5
413.00      8.5
413.10      8.5
413.20      8.5
413.30      8.5
413.40      8.5
413.50      8.5
413.60      8.5
413.70      8.5
413.80      8.5
413.90      8.5
414.00      8.5
414.10      8.5
414.20      8.5
414.30      8.5
414.40      8.5
414.50      8.5
414.60      8.5
414.70      8.5
414.80      8.5
414.90      8.5
415.00      8.5
415.10      8.5
415.20      8.5
415.30      8.5
415.40      8.5
415.50      8.5
415.60      8.5
415.70      8.5
415.80      8.5
415.90      8.5
416.00      8.5
416.10      8.5
416.20      8.5
416.30      8.5
416.40      8.5
416.50      8.5
416.60      8.5
416.70      8.5
416.80      8.5
416.90      8.5
417.00      8.5
417.10      8.5
417.20      8.5
417.30      8.5
417.40      8.5
417.50      8.5
417.60      8.5
417.70      8.5
417.80      8.5
417.90      8.5
418.00      8.5
418.10      8.5
418.20      8.5
418.30      8.5
418.40      8.5
418.50      8.5
418.60      8.5
418.70      8.5
418.80      8.5
418.90      8.5
419.00      8.5
419.10      8.5
419.20      8.5
419.30      8.5
419.40      8.5
419.50      8.5
419.60      8.5
419.70      8.5
419.80      8.5
419.90      8.5
420.00      8.5
420.10      8.5
420.20      8.5
420.30      8.5
420.40      8.5
420.50      8.5
420.60      8.5
420.70      8.5
420.80      8.5
420.90      8.5
421.00      8.5
421.10      8.5
421.20      8.5
421.30      8.5
421.40      8.5
421.50      8.5
421.60      8.5
421.70      8.5
421.80      8.5
421.90      8.5
422.00      8.5
422.10      8.5
422.20      8.5
422.30      8.5
422.40      8.5
422.50      8.5
422.60      8.5
422.70      8.5
422.80      8.5
422.90      8.5
423.00      8.5
423.10      8.5
423.20      8.5
423.30      8.5
423.40      8.5
423.50      8.5
423.60      8.5
423.70      8.5
423.80      8.5
423.90      8.5
424.00      8.5
424.10      8.5
424.20      8.5
424.30      8.5
424.40      8.5
424.50      8.5
424.60      8.5
424.70      8.5
424.80      8.5
424.90      8.5
425.00      8.5
425.10      8.5
425.20      8.5
425.30      8.5
425.40      8.5
425.50      8.5
425.60      8.5
425.70      8.5
425.80      8.5
425.90      8.5
426.00      8.5
426.10      8.5
426.20      8.5
426.30      8.5
426.40      8.5
426.50      8.5
426.60      8.5
426.70      8.5
426.80      8.5
426.90      8.5
427.00      8.5
427.10      8.5
427.20      8.5
427.30      8.5
427.40      8.5
427.50      8.5
427.60      8.5
427.70      8.5
427.80      8.5
427.90      8.5
428.00      8.5
428.10      8.5
428.20      8.5
428.30      8.5
428.40      8.5
428.50      8.5
428.60      8.5
428.70      8.5
428.80      8.5
428.90      8.5
429.00      8.5
429.10      8.5
429.20      8.5
429.30      8.5
429.40      8.5
429.50      8.5
429.60      8.5
429.70      8.5
429.80      8.5
429.90      8.5
430.00      8.5
430.10      8.5
430.20      8.5
430.30      8.3
430.40      8.5
430.50      8.5
430.60      8.5
430.70      8.5
430.80      8.5
430.90      8.5
431.00      8.5
431.10      8.5
431.20      8.5
431.30      8.5
431.40      8.5
431.50      8.5
431.60      8.5
431.70      8.5
431.80      8.5
431.90      8.5
432.00      8.5
432.10      8.5
432.20      8.5
432.30      8.5
432.40      8.5
432.50      8.5
432.60      8.5
432.70      8.5
432.80      8.5
432.90      8.5
433.00      8.5
433.10      8.5
433.20      8.5
433.30      8.5
433.40      8.5
433.50      8.5
433.60      8.5
433.70      8.5
433.80      8.5
433.90      8.5
434.00      8.5
434.10      8.5
434.20      8.5
434.30      8.5
434.40      8.5
434.50      8.5
434.60      8.5
434.70      8.5
434.80      8.5
434.90      8.5
435.00      8.5
435.10      8.5
435.20      8.5
435.30      8.5
435.40      8.5
435.50      8.5
435.60      8.5
435.70      8.5
435.80      8.5
435.90      8.5
436.00      8.5
436.10      8.5
436.20      8.5
436.30      8.5
436.40      8.5
436.50      8.5
436.60      8.5
436.70      8.5
436.80      8.5
436.90      8.5
437.00      8.5
437.10      8.5
437.20      8.5
437.30      8.5
437.40      8.5
437.50      8.5
437.60      8.5
437.70      8.5
437.80      8.5
437.90      8.5
438.00      8.5
438.10      8.5
438.20      8.5
438.30      8.5
438.40      8.5
438.50      8.5
438.60      8.5
438.70      8.5
438.80      8.5
438.90      8.5
439.00      8.5
439.10      8.5
439.20      8.5
439.30      8.5
439.40      8.5
439.50      8.5
439.60      8.5
439.70      8.5
439.80      8.5
439.90      8.5
440.00      8.5
440.10      8.5
440.20      8.5
440.30      8.5
440.40      8.5
440.50      8.5
440.60      8.5
440.70      8.5
440.80      8.5
440.90      8.5
441.00      8.5
441.10      8.5
441.20      8.5
441.30      8.5
441.40      8.5
441.50      8.5
441.60      8.5
441.70      8.5
441.80      8.5
441.90      8.5
442.00      8.5
442.10      8.5
442.20      8.5
442.30      8.5
442.40      8.5
442.50      8.5
442.60      8.5
442.70      8.5
442.80      8.5
442.90      8.5
443.00      8.5
443.10      8.5
443.20      8.5
443.30      8.5
443.40      8.5
443.50      8.5
443.60      8.5
443.70      8.5
443.80      8.5
443.90      8.5
444.00      8.5
444.10      8.5
444.20      8.5
444.30      8.5
444.40      8.5
444.50      8.5
444.60      8.5
444.70      8.5
444.80      8.5
444.90      8.5
445.00      8.5
445.10      8.5
445.20      8.5
445.30      8.5
445.40      8.5
445.50      8.5
445.60      8.5
445.70      8.5
445.80      8.5
445.90      8.5
446.00      8.5
446.10      8.5
446.20      8.5
446.30      8.5
446.40      8.5
446.50      8.5
446.60      8.5
446.70      8.5
446.80      8.5
446.90      8.5
447.00      8.5
447.10      8.5
447.20      8.5
447.30      8.5
447.40      8.5
447.50      8.5
447.60      8.5
447.70      8.5
447.80      8.5
447.90      8.5
448.00      8.5
448.10      8.5
448.20      8.5
448.30      8.5
448.40      8.5
448.50      8.5
448.60      8.5
448.70      8.5
448.80      8.5
448.90      8.5
449.00      8.5
449.10      8.5
449.20      8.5
449.30      8.5
449.40      8.5
449.50      8.5
449.60      8.5
449.70      8.5
449.80      8.5
449.90      8.5
450.00      8.5
450.10      8.3
450.20      8.5
450.30      8.5
450.40      8.5
450.50      8.5
450.60      8.5
450.70      8.5
450.80      8.5
450.90      8.5
451.00      8.5
451.10      8.5
451.20      8.5
451.30      8.5
451.40      8.5
451.50      8.5
451.60      8.5
451.70      8.5
451.80      8.5
451.90      8.5
452.00      8.5
452.10      8.5
452.20      8.5
452.30      8.5
452.40      8.5
452.50      8.5
452.60      8.5
452.70      8.5
452.80      8.5
452.90      8.5
453.00      8.5
453.10      8.5
453.20      8.5
453.30      8.5
453.40      8.5
453.50      8.5
453.60      8.5
453.70      8.5
453.80      8.5
453.90      8.5
454.00      8.5
454.10      8.5
454.20      8.5
454.30      8.5
454.40      8.5
454.50      8.5
454.60      8.5
454.70      8.5
454.80      8.5
454.90      8.5
455.00      8.5
455.10      8.5
455.20      8.5
455.30      8.5
455.40      8.5
455.50      8.5
455.60      8.5
455.70      8.5
455.80      8.5
455.90      8.5
456.00      8.5
456.10      8.5
456.20      8.5
456.30      8.5
456.40      8.5
456.50      8.5
456.60      8.5
456.70      8.5
456.80      8.5
456.90      8.5
457.00      8.5
457.10      8.5
457.20      8.5
457.30      8.5
457.40      8.5
457.50      8.5
457.60      8.5
457.70      8.5
457.80      8.5
457.90      8.5
458.00      8.5
458.10      8.5
458.20      8.5
458.30      8.5
458.40      8.5
458.50      8.5
458.60      8.5
458.70      8.5
458.80      8.5
458.90      8.5
459.00      8.5
459.10      8.5
459.20      8.5
459.30      8.5
459.40      8.5
459.50      8.5
459.60      8.5
459.70      8.5
459.80      8.5
459.90      8.5
460.00      8.5
460.10      8.5
460.20      8.5
460.30      8.5
460.40      8.5
460.50      8.5
460.60      8.5
460.70      8.5
460.80      8.5
460.90      8.5
461.00      8.5
461.10      8.5
461.20      8.5
461.30      8.5
461.40      8.5
461.50      8.5
461.60      8.5
461.70      8.5
461.80      8.5
461.90      8.5
462.00      8.5
462.10      8.5
462.20      8.5
462.30      8.5
462.40      8.5
462.50      8.5
462.60      8.5
462.70      8.5
462.80      8.5
462.90      8.5
463.00      8.5
463.10      8.5
463.20      8.5
463.30      8.5
463.40      8.5
463.50      8.5
463.60      8.5
463.70      8.5
463.80      8.5
463.90      8.5
464.00      8.5
464.10      8.5
464.20      8.5
464.30      8.5
464.40      8.5
464.50      8.5
464.60      8.5
464.70      8.5
464.80      8.5
464.90      8.5
465.00      8.5
465.10      8.5
465.20      8.5
465.30      8.5
465.40      8.5
465.50      8.5
465.60      8.5
465.70      8.5
465.80      8.5
465.90      8.5
466.00      8.5
466.10      8.5
466.20      8.5
466.30      8.5
466.40      8.5
466.50      8.5
466.60      8.5
466.70      8.5
466.80      8.5
466.90      8.5
467.00      8.5
467.10      8.5
467.20      8.5
467.30      8.5
467.40      8.5
467.50      8.5
467.60      8.5
467.70      8.5
467.80      8.5
467.90      8.5
468.00      8.5
468.10      8.5
468.20      8.5
468.30      8.5
468.40      8.5
468.50      8.5
468.60      8.5
468.70      8.5
468.80      8.5
468.90      8.5
469.00      8.5
469.10      8.5
469.20      8.5
469.30      8.5
469.40      8.5
469.50      8.5
469.60      8.5
469.70      8.5
469.80      8.5
469.90      8.5
470.00      8.5
470.10      8.5
470.20      8.5
470.30      8.5
470.40      8.5
470.50      8.5
470.60      8.5
470.70      8.5
470.80      8.5
470.90      8.5
471.00      8.5
471.10      8.5
471.20      8.5
471.30      8.5
471.40      8.5
471.50      8.5
471.60      8.5
471.70      8.5
471.80      8.5
471.90      8.5
472.00      8.5
472.10      8.5
472.20      8.5
472.30      8.5
472.40      8.5
472.50      8.5
472.60      8.5
472.70      8.5
472.80      8.5
472.90      8.5
473.00      8.5
473.10      8.5
473.20      8.5
473.30      8.5
473.40      8.5
473.50      8.5
473.60      8.5
473.70      8.5
473.80      8.5
473.90      8.5
474.00      8.5
474.10      8.5
474.20      8.5
474.30      8.5
474.40      8.5
474.50      8.5
474.60      8.5
474.70      8.5
474.80      8.5
474.90      8.5
475.00      8.5
475.10      8.5
475.20      8.5
475.30      8.5
475.40      8.5
475.50      8.5
475.60      8.5
475.70      8.5
475.80      8.5
475.90      8.5
476.00      8.5
476.10      8.5
476.20      8.5
476.30      8.5
476.40      8.5
476.50      8.5
476.60      8.5
476.70      8.5
476.80      8.5
476.90      8.5
477.00      8.5
477.10      8.5
477.20      8.5
477.30      8.5
477.40      8.5
477.50      8.5
477.60      8.5
477.70      8.5
477.80      8.5
477.90      8.5
478.00      8.5
478.10      8.5
478.20      8.5
478.30      8.5
478.40      8.5
478.50      8.5
478.60      8.5
478.70      8.5
478.80      8.5
478.90      8.5
479.00      8.5
479.10      8.5
479.20      8.5
479.30      8.5
479.40      8.5
479.50      8.5
479.60      8.5
479.70      8.5
479.80      8.5
479.90      8.5
480.00      8.5
480.10      8.5
480.20      8.5
480.30      8.5
480.40      8.5
480.50      8.5
480.60      8.5
480.70      8.5
480.80      8.5
480.90      8.5
481.00      8.5
481.10      8.5
481.20      8.5
481.30      8.5
481.40      8.5
481.50      8.5
481.60      8.5
481.70      8.5
481.80      8.5
481.90      8.5
482.00      8.5
482.10      8.5
482.20      8.5
482.30      8.5
482.40      8.3
482.50      8.5
482.60      8.5
482.70      8.5
482.80      8.5
482.90      8.5
483.00      8.5
483.10      8.5
483.20      8.5
483.30      8.5
483.40      8.5
483.50      8.5
483.60      8.3
483.70      8.5
483.80      8.5
483.90      8.5
484.00      8.5
484.10      8.5
484.20      8.5
484.30      8.5
484.40      8.5
484.50      8.5
484.60      8.5
484.70      8.5
484.80      8.5
484.90      8.5
485.00      8.5
485.10      8.5
485.20      8.5
485.30      8.5
485.40      8.5
485.50      8.5
485.60      8.5
485.70      8.5
485.80      8.5
485.90      8.5
486.00      8.5
486.10      8.5
486.20      8.5
486.30      8.5
486.40      8.5
486.50      8.5
486.60      8.5
486.70      8.5
486.80      8.5
486.90      8.5
487.00      8.5
487.10      8.5
487.20      8.5
487.30      8.5
487.40      8.5
487.50      8.5
487.60      8.5
487.70      8.5
487.80      8.5
487.90      8.5
488.00      8.5
488.10      8.5
488.20      8.5
488.30      8.5
488.40      8.5
488.50      8.5
488.60      8.5
488.70      8.5
488.80      8.5
488.90      8.5
489.00      8.5
489.10      8.5
489.20      8.5
489.30      8.5
489.40      8.5
489.50      8.5
489.60      8.5
489.70      8.5
489.80      8.5
489.90      8.5
490.00      8.5
490.10      8.5
490.20      8.5
490.30      8.5
490.40      8.5
490.50      8.5
490.60      8.5
490.70      8.5
490.80      8.5
490.90      8.5
491.00      8.5
491.10      8.5
491.20      8.5
491.30      8.5
491.40      8.5
491.50      8.5
491.60      8.5
491.70      8.5
491.80      8.5
491.90      8.5
492.00      8.5
492.10      8.5
492.20      8.5
492.30      8.5
492.40      8.5
492.50      8.5
492.60      8.5
492.70      8.5
492.80      8.5
492.90      8.5
493.00      8.5
493.10      8.5
493.20      8.5
493.30      8.5
493.40      8.5
493.50      8.5
493.60      8.5
493.70      8.5
493.80      8.5
493.90      8.5
494.00      8.5
494.10      8.5
494.20      8.5
494.30      8.5
494.40      8.5
494.50      8.5
494.60      8.5
494.70      8.5
494.80      8.5
494.90      8.5
495.00      8.5
495.10      8.5
495.20      8.5
495.30      8.5
495.40      8.5
495.50      8.5
495.60      8.5
495.70      8.5
495.80      8.5
495.90      8.5
496.00      8.5
496.10      8.5
496.20      8.5
496.30      8.5
496.40      8.5
496.50      8.5
496.60      8.5
496.70      8.5
496.80      8.5
496.90      8.5
497.00      8.5
497.10      8.5
497.20      8.5
497.30      8.5
497.40      8.5
497.50      8.5
497.60      8.5
497.70      8.5
497.80      8.5
497.90      8.5
498.00      8.5
498.10      8.5
498.20      8.5
498.30      8.5
498.40      8.5
498.50      8.5
498.60      8.5
498.70      8.5
498.80      8.5
498.90      8.5
499.00      8.5
499.10      8.5
499.20      8.5
499.30      8.5
499.40      8.5
499.50      8.5
499.60      8.5
499.70      8.5
499.80      8.5
499.90      8.5
500.00      8.5
500.10      8.5
500.20      8.5
500.30      8.5
500.40      8.5
500.50      8.5
500.60      8.5
500.70      8.5
500.80      8.5
500.90      8.5
501.00      8.5
501.10      8.5
501.20      8.5
501.30      8.5
501.40      8.5
501.50      8.5
501.60      8.5
501.70      8.5
501.80      8.5
501.90      8.5
502.00      8.5
502.10      8.5
502.20      8.5
502.30      8.5
502.40      8.5
502.50      8.5
502.60      8.5
502.70      8.5
502.80      8.5
502.90      8.5
503.00      8.5
503.10      8.5
503.20      8.5
503.30      8.5
503.40      8.5
503.50      8.5
503.60      8.5
503.70      8.5
503.80      8.5
503.90      8.5
504.00      8.5
504.10      8.5
504.20      8.5
504.30      8.5
504.40      8.5
504.50      8.5
504.60      8.5
504.70      8.5
504.80      8.5
504.90      8.5
505.00      8.5
505.10      8.5
505.20      8.5
505.30      8.5
505.40      8.5
505.50      8.5
505.60      8.5
505.70      8.5
505.80      8.5
505.90      8.5
506.00      8.5
506.10      8.5
506.20      8.5
506.30      8.5
506.40      8.5
506.50      8.5
506.60      8.5
506.70      8.5
506.80      8.5
506.90      8.5
507.00      8.5
507.10      8.5
507.20      8.5
507.30      8.5
507.40      8.5
507.50      8.5
507.60      8.5
507.70      8.5
507.80      8.5
507.90      8.5
508.00      8.5
508.10      8.5
508.20      8.5
508.30      8.5
508.40      8.5
508.50      8.5
508.60      8.5
508.70      8.5
508.80      8.5
508.90      8.5
509.00      8.5
509.10      8.5
509.20      8.5
509.30      8.5
509.40      8.5
509.50      8.5
509.60      8.5
509.70      8.5
509.80      8.5
509.90      8.5
510.00      8.5
510.10      8.5
510.20      8.5
510.30      8.5
510.40      8.5
510.50      8.5
510.60      8.5
510.70      8.5
510.80      8.5
510.90      8.5
511.00      8.5
511.10      8.5
511.20      8.5
511.30      8.5
511.40      8.5
511.50      8.5
511.60      8.5
511.70      8.5
511.80      8.5
511.90      8.5
512.00      8.5
512.10      8.5
512.20      8.5
512.30      8.5
512.40      8.5
512.50      8.5
512.60      8.5
512.70      8.5
512.80      8.5
512.90      8.5
513.00      8.5
513.10      8.5
513.20      8.5
513.30      8.5
513.40      8.5
513.50      8.5
513.60      8.5
513.70      8.5
513.80      8.5
513.90      8.5
514.00      8.5
514.10      8.3
514.20      8.5
514.30      8.5
514.40      8.5
514.50      8.5
514.60      8.5
514.70      8.5
514.80      8.5
514.90      8.5
515.00      8.5
515.10      8.5
515.20      8.5
515.30      8.5
515.40      8.5
515.50      8.5
515.60      8.5
515.70      8.5
515.80      8.5
515.90      8.5
516.00      8.5
516.10      8.5
516.20      8.5
516.30      8.5
516.40      8.5
516.50      8.5
516.60      8.5
516.70      8.5
516.80      8.5
516.90      8.5
517.00      8.5
517.10      8.5
517.20      8.5
517.30      8.5
517.40      8.5
517.50      8.5
517.60      8.5
517.70      8.5
517.80      8.5
517.90      8.5
518.00      8.5
518.10      8.5
518.20      8.5
518.30      8.5
518.40      8.5
518.50      8.5
518.60      8.5
518.70      8.5
518.80      8.5
518.90      8.5
519.00      8.5
519.10      8.5
519.20      8.5
519.30      8.5
519.40      8.5
519.50      8.5
519.60      8.5
519.70      8.5
519.80      8.5
519.90      8.5
520.00      8.5
520.10      8.5
520.20      8.5
520.30      8.5
520.40      8.5
520.50      8.5
520.60      8.5
520.70      8.5
520.80      8.5
520.90      8.5
521.00      8.5
521.10      8.5
521.20      8.5
521.30      8.5
521.40      8.5
521.50      8.5
521.60      8.5
521.70      8.5
521.80      8.5
521.90      8.5
522.00      8.5
522.10      8.5
522.20      8.5
522.30      8.5
522.40      8.5
522.50      8.5
522.60      8.5
522.70      8.5
522.80      8.5
522.90      8.5
523.00      8.5
523.10      8.5
523.20      8.5
523.30      8.5
523.40      8.5
523.50      8.5
523.60      8.5
523.70      8.5
523.80      8.5
523.90      8.5
524.00      8.5
524.10      8.5
524.20      8.5
524.30      8.5
524.40      8.5
524.50      8.5
524.60      8.5
524.70      8.5
524.80      8.5
524.90      8.5
525.00      8.5
525.10      8.5
525.20      8.5
525.30      8.5
525.40      8.5
525.50      8.5
525.60      8.5
525.70      8.5
525.80      8.5
525.90      8.5
526.00      8.5
526.10      8.5
526.20      8.5
526.30      8.5
526.40      8.5
526.50      8.5
526.60      8.5
526.70      8.5
526.80      8.5
526.90      8.5
527.00      8.5
527.10      8.5
527.20      8.5
527.30      8.5
527.40      8.5
527.50      8.5
527.60      8.5
527.70      8.5
527.80      8.5
527.90      8.5
528.00      8.5
528.10      8.5
528.20      8.5
528.30      8.5
528.40      8.5
528.50      8.5
528.60      8.5
528.70      8.5
528.80      8.5
528.90      8.5
529.00      8.5
529.10      8.5
529.20      8.5
529.30      8.5
529.40      8.5
529.50      8.5
529.60      8.5
529.70      8.5
529.80      8.5
529.90      8.5
530.00      8.5
530.10      8.5
530.20      8.5
530.30      8.5
530.40      8.5
530.50      8.5
530.60      8.5
530.70      8.5
530.80      8.5
530.90      8.5
531.00      8.5
531.10      8.5
531.20      8.5
531.30      8.5
531.40      8.5
531.50      8.5
531.60      8.5
531.70      8.5
531.80      8.5
531.90      8.5
532.00      8.5
532.10      8.5
532.20      8.5
532.30      8.5
532.40      8.5
532.50      8.5
532.60      8.5
532.70      8.5
532.80      8.5
532.90      8.5
533.00      8.5
533.10      8.5
533.20      8.5
533.30      8.5
533.40      8.5
533.50      8.3
533.60      8.5
533.70      8.3
533.80      8.5
533.90      8.5
534.00      8.5
534.10      8.5
534.20      8.5
534.30      8.5
534.40      8.5
534.50      8.5
534.60      8.5
534.70      8.5
534.80      8.5
534.90      8.5
535.00      8.5
535.10      8.5
535.20      8.5
535.30      8.5
535.40      8.5
535.50      8.5
535.60      8.5
535.70      8.3
535.80      8.5
535.90      8.5
536.00      8.5
536.10      8.5
536.20      8.5
536.30      8.5
536.40      8.5
536.50      8.5
536.60      8.5
536.70      8.5
536.80      8.5
536.90      8.5
537.00      8.3
537.10      8.5
537.20      8.5
537.30      8.5
537.40      8.1
537.50      8.5
537.60      8.5
537.70      8.5
537.80      8.5
537.90      8.5
538.00      8.5
538.10      8.5
538.20      8.5
538.30      8.5
538.40      8.5
538.50      8.5
538.60      8.5
538.70      8.5
538.80      8.5
538.90      8.5
539.00      8.5
539.10      8.5
539.20      8.5
539.30      8.5
539.40      8.5
539.50      8.5
539.60      8.5
539.70      8.5
539.80      8.5
539.90      8.5
540.00      8.5
540.10      8.5
540.20      8.5
540.30      8.5
540.40      8.5
540.50      8.5
540.60      8.5
540.70      8.5
540.80      8.5
540.90      8.5
541.00      8.5
541.10      8.5
541.20      8.5
541.30      8.5
541.40      8.5
541.50      8.5
541.60      8.5
541.70      8.5
541.80      8.5
541.90      8.5
542.00      8.5
542.10      8.5
542.20      8.5
542.30      8.5
542.40      8.5
542.50      8.5
542.60      8.5
542.70      8.5
542.80      8.5
542.90      8.5
543.00      8.5
543.10      8.5
543.20      8.5
543.30      8.5
543.40      8.5
543.50      8.5
543.60      8.5
543.70      8.5
543.80      8.5
543.90      8.5
544.00      8.5
544.10      8.5
544.20      8.5
544.30      8.5
544.40      8.5
544.50      8.5
544.60      8.5
544.70      8.5
544.80      8.5
544.90      8.5
545.00      8.3
545.10      8.5
545.20      8.3
545.30      8.5
545.40      8.5
545.50      8.5
545.60      8.5
545.70      8.5
545.80      8.5
545.90      8.5
546.00      8.5
546.10      8.5
546.20      8.5
546.30      8.1
546.40      8.5
546.50      8.5
546.60      8.5
546.70      8.5
546.80      8.5
546.90      8.5
547.00      8.5
547.10      8.5
547.20      8.5
547.30      8.5
547.40      8.5
547.50      8.5
547.60      8.5
547.70      8.5
547.80      8.5
547.90      8.5
548.00      8.5
548.10      8.5
548.20      8.5
548.30      8.5
548.40      8.5
548.50      8.5
548.60      8.5
548.70      8.5
548.80      8.5
548.90      8.5
549.00      8.5
549.10      8.5
549.20      8.5
549.30      8.5
549.40      8.5
549.50      8.5
549.60      8.5
549.70      8.5
549.80      8.5
549.90      8.5
550.00      8.5
550.10      8.5
550.20      8.5
550.30      8.5
550.40      8.5
550.50      8.5
550.60      8.5
550.70      8.5
550.80      8.5
550.90      8.5
551.00      8.5
551.10      8.5
551.20      8.5
551.30      8.5
551.40      8.5
551.50      8.5
551.60      8.5
551.70      8.5
551.80      8.5
551.90      8.5
552.00      8.5
552.10      8.5
552.20      8.5
552.30      8.5
552.40      8.5
552.50      8.5
552.60      8.5
552.70      8.5
552.80      8.5
552.90      8.5
553.00      8.5
553.10      8.5
553.20      8.5
553.30      8.5
553.40      8.5
553.50      8.5
553.60      8.5
553.70      8.5
553.80      8.5
553.90      8.5
554.00      8.5
554.10      8.5
554.20      8.5
554.30      8.5
554.40      8.5
554.50      8.5
554.60      8.5
554.70      8.5
554.80      8.5
554.90      8.5
555.00      8.5
555.10      8.5
555.20      8.5
555.30      8.5
555.40      8.5
555.50      8.5
555.60      8.5
555.70      8.5
555.80      8.5
555.90      8.5
556.00      8.5
556.10      8.5
556.20      8.5
556.30      8.5
556.40      8.5
556.50      8.5
556.60      8.5
556.70      8.5
556.80      8.5
556.90      8.5
557.00      8.5
557.10      8.5
557.20      8.5
557.30      8.5
557.40      8.5
557.50      8.5
557.60      8.5
557.70      8.5
557.80      8.5
557.90      8.5
558.00      8.5
558.10      8.5
558.20      8.5
558.30      8.5
558.40      8.5
558.50      8.5
558.60      8.5
558.70      8.5
558.80      8.5
558.90      8.5
559.00      8.5
559.10      8.5
559.20      8.5
559.30      8.5
559.40      8.5
559.50      8.5
559.60      8.5
559.70      8.5
559.80      8.5
559.90      8.5
560.00      8.5
560.10      8.5
560.20      8.5
560.30      8.5
560.40      8.5
560.50      8.5
560.60      8.5
560.70      8.5
560.80      8.5
560.90      8.5
561.00      8.5
561.10      8.5
561.20      8.5
561.30      8.5
561.40      8.5
561.50      8.5
561.60      8.5
561.70      8.5
561.80      8.5
561.90      8.5
562.00      8.5
562.10      8.5
562.20      8.5
562.30      8.5
562.40      8.5
562.50      8.5
562.60      8.5
562.70      8.5
562.80      8.5
562.90      8.5
563.00      8.5
563.10      8.5
563.20      8.5
563.30      8.5
563.40      8.5
563.50      8.5
563.60      8.5
563.70      8.5
563.80      8.5
563.90      8.5
564.00      8.5
564.10      8.5
564.20      8.3
564.30      8.5
564.40      8.5
564.50      8.5
564.60      8.5
564.70      8.5
564.80      8.5
564.90      8.5
565.00      8.5
565.10      8.5
565.20      8.5
565.30      8.5
565.40      8.5
565.50      8.5
565.60      8.5
565.70      8.5
565.80      8.5
565.90      8.5
566.00      8.5
566.10      8.5
566.20      8.5
566.30      8.5
566.40      8.3
566.50      8.5
566.60      8.5
566.70      8.5
566.80      8.5
566.90      8.5
567.00      8.5
567.10      8.5
567.20      8.5
567.30      8.5
567.40      8.5
567.50      8.5
567.60      8.5
567.70      8.5
567.80      8.5
567.90      8.5
568.00      8.5
568.10      8.5
568.20      8.5
568.30      8.5
568.40      8.5
568.50      8.5
568.60      8.5
568.70      8.5
568.80      8.5
568.90      8.5
569.00      8.5
569.10      8.5
569.20      8.5
569.30      8.5
569.40      8.5
569.50      8.5
569.60      8.5
569.70      8.5
569.80      8.5
569.90      8.5
570.00      8.5
570.10      8.5
570.20      8.5
570.30      8.5
570.40      8.5
570.50      8.5
570.60      8.5
570.70      8.5
570.80      8.5
570.90      8.5
571.00      8.5
571.10      8.5
571.20      8.5
571.30      8.5
571.40      8.5
571.50      8.5
571.60      8.5
571.70      8.5
571.80      8.5
571.90      8.5
572.00      8.5
572.10      8.5
572.20      8.5
572.30      8.5
572.40      8.5
572.50      8.5
572.60      8.5
572.70      8.5
572.80      8.5
572.90      8.5
573.00      8.5
573.10      8.5
573.20      8.5
573.30      8.5
573.40      8.5
573.50      8.5
573.60      8.5
573.70      8.5
573.80      8.5
573.90      8.5
574.00      8.5
574.10      8.5
574.20      8.5
574.30      8.5
574.40      8.5
574.50      8.5
574.60      8.5
574.70      8.5
574.80      8.5
574.90      8.5
575.00      8.5
575.10      8.5
575.20      8.5
575.30      8.5
575.40      8.5
575.50      8.5
575.60      8.5
575.70      8.5
575.80      8.5
575.90      8.5
576.00      8.5
576.10      8.5
576.20      8.5
576.30      8.5
576.40      8.5
576.50      8.5
576.60      8.5
576.70      8.5
576.80      8.5
576.90      8.5
577.00      8.5
577.10      8.5
577.20      8.5
577.30      8.5
577.40      8.5
577.50      8.5
577.60      8.5
577.70      8.5
577.80      8.5
577.90      8.5
578.00      8.5
578.10      8.5
578.20      8.5
578.30      8.5
578.40      8.5
578.50      8.5
578.60      8.5
578.70      8.5
578.80      8.5
578.90      8.5
579.00      8.5
579.10      8.5
579.20      8.5
579.30      8.5
579.40      8.5
579.50      8.5
579.60      8.5
579.70      8.5
579.80      8.5
579.90      8.5
580.00      8.5
580.10      8.5
580.20      8.5
580.30      8.5
580.40      8.5
580.50      8.5
580.60      8.5
580.70      8.5
580.80      8.5
580.90      8.5
581.00      8.5
581.10      8.5
581.20      8.5
581.30      8.5
581.40      8.5
581.50      8.5
581.60      8.5
581.70      8.5
581.80      8.5
581.90      8.5
582.00      8.5
582.10      8.5
582.20      8.3
582.30      8.5
582.40      8.3
582.50      8.3
582.60      8.1
582.70      8.1
582.80      8.3
582.90      8.3
583.00      8.3
583.10      8.5
583.20      8.3
583.30      8.5
583.40      8.5
583.50      8.5
583.60      8.5
583.70      8.5
583.80      8.3
583.90      8.5
584.00      8.1
584.10      8.5
584.20      8.5
584.30      8.5
584.40      8.5
584.50      8.5
584.60      8.5
584.70      8.5
584.80      8.5
584.90      8.5
585.00      8.5
585.10      8.5
585.20      8.5
585.30      8.5
585.40      8.5
585.50      8.5
585.60      8.5
585.70      8.5
585.80      8.5
585.90      8.5
586.00      8.5
586.10      8.5
586.20      8.5
586.30      8.5
586.40      8.5
586.50      8.5
586.60      8.5
586.70      8.5
586.80      8.5
586.90      8.5
587.00      8.5
587.10      8.5
587.20      8.5
587.30      8.5
587.40      8.5
587.50      8.5
587.60      8.5
587.70      8.5
587.80      8.5
587.90      8.5
588.00      8.5
588.10      8.5
588.20      8.5
588.30      8.5
588.40      8.5
588.50      8.5
588.60      8.5
588.70      8.5
588.80      8.5
588.90      8.5
589.00      8.5
589.10      8.5
589.20      8.5
589.30      8.5
589.40      8.5
589.50      8.5
589.60      8.5
589.70      8.5
589.80      8.5
589.90      8.5
590.00      8.5
590.10      8.5
590.20      8.5
590.30      8.5
590.40      8.5
590.50      8.5
590.60      8.5
590.70      8.5
590.80      8.5
590.90      8.5
591.00      8.5
591.10      8.5
591.20      8.5
591.30      8.5
591.40      8.5
591.50      8.5
591.60      8.5
591.70      8.5
591.80      8.5
591.90      8.5
592.00      8.5
592.10      8.5
592.20      8.5
592.30      8.5
592.40      8.5
592.50      8.5
592.60      8.5
592.70      8.5
592.80      8.5
592.90      8.5
593.00      8.5
593.10      8.5
593.20      8.5
593.30      8.5
593.40      8.5
593.50      8.5
593.60      8.5
593.70      8.5
593.80      8.5
593.90      8.5
594.00      8.5
594.10      8.5
594.20      8.5
594.30      8.5
594.40      8.5
594.50      8.5
594.60      8.5
594.70      8.5
594.80      8.5
594.90      8.5
595.00      8.5
595.10      8.5
595.20      8.5
595.30      8.5
595.40      8.5
595.50      8.5
595.60      8.5
595.70      8.5
595.80      8.5
595.90      8.5
596.00      8.5
596.10      8.5
596.20      8.5
596.30      8.5
596.40      8.5
596.50      8.5
596.60      8.5
596.70      8.5
596.80      8.5
596.90      8.5
597.00      8.5
597.10      8.5
597.20      8.5
597.30      8.5
597.40      8.5
597.50      8.5
597.60      8.5
597.70      8.5
597.80      8.5
597.90      8.5
598.00      8.5
598.10      8.5
598.20      8.5
598.30      8.5
598.40      8.5
598.50      8.5
598.60      8.5
598.70      8.5
598.80      8.5
598.90      8.5
599.00      8.5
599.10      8.5
599.20      8.5
599.30      8.5
599.40      8.5
599.50      8.5
599.60      8.5
599.70      8.5
599.80      8.5
599.90      8.5
600.00      8.5
600.10      8.5
600.20      8.5
600.30      8.5
600.40      8.5
600.50      8.5
600.60      8.5
600.70      8.5
600.80      8.5
600.90      8.5
601.00      8.5
601.10      8.5
601.20      8.5
601.30      8.5
601.40      8.5
601.50      8.5
601.60      8.5
601.70      8.5
601.80      8.5
601.90      8.5
602.00      8.5
602.10      8.5
602.20      8.5
602.30      8.5
602.40      8.5
602.50      8.5
602.60      8.5
602.70      8.5
602.80      8.5
602.90      8.5
603.00      8.5
603.10      8.5
603.20      8.5
603.30      8.5
603.40      8.5
603.50      8.5
603.60      8.5
603.70      8.5
603.80      8.5
603.90      8.5
604.00      8.5
604.10      8.5
604.20      8.5
604.30      8.5
604.40      8.5
604.50      8.5
604.60      8.5
604.70      8.5
604.80      8.5
604.90      8.5
605.00      8.5
605.10      8.5
605.20      8.5
605.30      8.5
605.40      8.5
605.50      8.5
605.60      8.5
605.70      8.5
605.80      8.5
605.90      8.5
606.00      8.5
606.10      8.5
606.20      8.5
606.30      8.5
606.40      8.5
606.50      8.5
606.60      8.5
606.70      8.5
606.80      8.5
606.90      8.5
607.00      8.5
607.10      8.5
607.20      8.5
607.30      8.5
607.40      8.5
607.50      8.5
607.60      8.5
607.70      8.5
607.80      8.5
607.90      8.5
608.00      8.5
608.10      8.5
608.20      8.5
608.30      8.5
608.40      8.5
608.50      8.5
608.60      8.5
608.70      8.5
608.80      8.5
608.90      8.5
609.00      8.5
609.10      8.5
609.20      8.5
609.30      8.5
609.40      8.5
609.50      8.5
609.60      8.5
609.70      8.5
609.80      8.5
609.90      8.5
610.00      8.5
610.10      8.5
610.20      8.5
610.30      8.5
610.40      8.5
610.50      8.5
610.60      8.5
610.70      8.5
610.80      8.5
610.90      8.5
611.00      8.5
611.10      8.5
611.20      8.5
611.30      8.5
611.40      8.5
611.50      8.5
611.60      8.5
611.70      8.5
611.80      8.5
611.90      8.5
612.00      8.5
612.10      8.5
612.20      8.5
612.30      8.5
612.40      8.5
612.50      8.5
612.60      8.5
612.70      8.5
612.80      8.5
612.90      8.5
613.00      8.5
613.10      8.5
613.20      8.5
613.30      8.5
613.40      8.5
613.50      8.5
613.60      8.5
613.70      8.5
613.80      8.5
613.90      8.5
614.00      8.5
614.10      8.5
614.20      8.5
614.30      8.5
614.40      8.5
614.50      8.5
614.60      8.5
614.70      8.5
614.80      8.5
614.90      8.5
615.00      8.5
615.10      8.5
615.20      8.5
615.30      8.5
615.40      8.5
615.50      8.5
615.60      8.5
615.70      8.5
615.80      8.5
615.90      8.5
616.00      8.5
616.10      8.5
616.20      8.5
616.30      8.5
616.40      8.5
616.50      8.5
616.60      8.5
616.70      8.5
616.80      8.5
616.90      8.5
617.00      8.5
617.10      8.5
617.20      8.5
617.30      8.5
617.40      8.5
617.50      8.5
617.60      8.5
617.70      8.5
617.80      8.5
617.90      8.5
618.00      8.5
618.10      8.5
618.20      8.5
618.30      8.5
618.40      8.5
618.50      8.5
618.60      8.5
618.70      8.5
618.80      8.5
618.90      8.5
619.00      8.5
619.10      8.5
619.20      8.5
619.30      8.5
619.40      8.5
619.50      8.5
619.60      8.5
619.70      8.5
619.80      8.5
619.90      8.5
620.00      8.5
620.10      8.5
620.20      8.5
620.30      8.5
620.40      8.5
620.50      8.5
620.60      8.5
620.70      8.5
620.80      8.5
620.90      8.5
621.00      8.5
621.10      8.5
621.20      8.5
621.30      8.5
621.40      8.5
621.50      8.5
621.60      8.5
621.70      8.5
621.80      8.5
621.90      8.5
622.00      8.5
622.10      8.5
622.20      8.5
622.30      8.5
622.40      8.5
622.50      8.5
622.60      8.5
622.70      8.5
622.80      8.5
622.90      8.5
623.00      8.5
623.10      8.5
623.20      8.5
623.30      8.5
623.40      8.5
623.50      8.5
623.60      8.5
623.70      8.5
623.80      8.5
623.90      8.5
624.00      8.5
624.10      8.5
624.20      8.5
624.30      8.5
624.40      8.5
624.50      8.5
624.60      8.5
624.70      8.5
624.80      8.5
624.90      8.5
625.00      8.5
625.10      8.5
625.20      8.5
625.30      8.5
625.40      8.5
625.50      8.5
625.60      8.5
625.70      8.5
625.80      8.5
625.90      8.5
626.00      8.5
626.10      8.5
626.20      8.5
626.30      8.5
626.40      8.5
626.50      8.5
626.60      8.5
626.70      8.5
626.80      8.5
626.90      8.5
627.00      8.5
627.10      8.5
627.20      8.5
627.30      8.5
627.40      8.5
627.50      8.5
627.60      8.5
627.70      8.5
627.80      8.5
627.90      8.5
628.00      8.5
628.10      8.5
628.20      8.5
628.30      8.5
628.40      8.5
628.50      8.5
628.60      8.5
628.70      8.5
628.80      8.5
628.90      8.5
629.00      8.5
629.10      8.5
629.20      8.5
629.30      8.5
629.40      8.5
629.50      8.5
629.60      8.5
629.70      8.5
629.80      8.5
629.90      8.5
630.00      8.5
630.10      8.5
630.20      8.5
630.30      8.5
630.40      8.8
630.50      8.8
630.60      8.8
630.70      9.0
630.80      9.0
630.90      9.3
631.00      9.5
631.10      9.8
631.20      10.0
631.30      11.7
631.40      15.4
631.50      19.3
631.60      32.2
631.70      87.4
631.80      95.5
631.90      19.5
632.00      11.2
632.10      9.5
632.20      9.0
632.30      8.8
632.40      8.8
632.50      8.8
632.60      8.8
632.70      8.5
632.80      8.5
632.90      8.5
633.00      8.5
633.10      8.5
633.20      8.5
633.30      8.5
633.40      8.5
633.50      8.5
633.60      8.5
633.70      8.5
633.80      8.5
633.90      8.5
634.00      8.5
634.10      8.5
634.20      8.5
634.30      8.5
634.40      8.5
634.50      8.5
634.60      8.5
634.70      8.5
634.80      8.5
634.90      8.5
635.00      8.5
635.10      8.5
635.20      8.5
635.30      8.5
635.40      8.5
635.50      8.5
635.60      8.5
635.70      8.5
635.80      8.5
635.90      8.5
636.00      8.5
636.10      8.5
636.20      8.5
636.30      8.5
636.40      8.5
636.50      8.5
636.60      8.5
636.70      8.5
636.80      8.5
636.90      8.5
637.00      8.5
637.10      8.5
637.20      8.5
637.30      8.5
637.40      8.5
637.50      8.5
637.60      8.5
637.70      8.5
637.80      8.5
637.90      8.5
638.00      8.5
638.10      8.5
638.20      8.5
638.30      8.5
638.40      8.5
638.50      8.5
638.60      8.5
638.70      8.5
638.80      8.5
638.90      8.5
639.00      8.5
639.10      8.5
639.20      8.5
639.30      8.5
639.40      8.5
639.50      8.5
639.60      8.5
639.70      8.5
639.80      8.5
639.90      8.5
640.00      8.5
640.10      8.5
640.20      8.5
640.30      8.5
640.40      8.5
640.50      8.5
640.60      8.5
640.70      8.5
640.80      8.5
640.90      8.5
641.00      8.5
641.10      8.5
641.20      8.5
641.30      8.5
641.40      8.5
641.50      8.5
641.60      8.5
641.70      8.5
641.80      8.5
641.90      8.5
642.00      8.5
642.10      8.5
642.20      8.5
642.30      8.5
642.40      8.5
642.50      8.5
642.60      8.5
642.70      8.5
642.80      8.5
642.90      8.5
643.00      8.5
643.10      8.5
643.20      8.5
643.30      8.5
643.40      8.5
643.50      8.5
643.60      8.5
643.70      8.5
643.80      8.5
643.90      8.5
644.00      8.5
644.10      8.5
644.20      8.5
644.30      8.5
644.40      8.5
644.50      8.5
644.60      8.5
644.70      8.5
644.80      8.5
644.90      8.5
645.00      8.5
645.10      8.5
645.20      8.5
645.30      8.5
645.40      8.5
645.50      8.5
645.60      8.5
645.70      8.5
645.80      8.5
645.90      8.5
646.00      8.5
646.10      8.5
646.20      8.5
646.30      8.5
646.40      8.5
646.50      8.5
646.60      8.5
646.70      8.5
646.80      8.5
646.90      8.5
647.00      8.5
647.10      8.5
647.20      8.5
647.30      8.5
647.40      8.5
647.50      8.5
647.60      8.5
647.70      8.5
647.80      8.5
647.90      8.5
648.00      8.5
648.10      8.5
648.20      8.5
648.30      8.5
648.40      8.5
648.50      8.5
648.60      8.5
648.70      8.5
648.80      8.5
648.90      8.5
649.00      8.5
649.10      8.5
649.20      8.5
649.30      8.5
649.40      8.5
649.50      8.5
649.60      8.5
649.70      8.5
649.80      8.5
649.90      8.5
650.00      8.5
