400.00      9.0
400.10      9.0
400.20      9.0
400.30      9.0
400.40      9.3
400.50      9.3
400.60      9.0
400.70      9.3
400.80      9.3
400.90      9.3
401.00      9.3
401.10      9.3
401.20      9.3
401.30      9.3
401.40      9.3
401.50      9.3
401.60      9.3
401.70      9.3
401.80      9.5
401.90      9.5
402.00      9.5
402.10      9.5
402.20      9.5
402.30      9.5
402.40      9.8
402.50      9.8
402.60      9.8
402.70      9.8
402.80      10.0
402.90      10.0
403.00      10.3
403.10      10.3
403.20      10.5
403.30      10.5
403.40      10.7
403.50      11.0
403.60      11.2
403.70      11.5
403.80      12.0
403.90      12.5
404.00      12.9
404.10      13.9
404.20      15.1
404.30      17.6
404.40      21.7
404.50      85.0
404.60      994.6
404.70      1000.0
404.80      1000.0
404.90      862.8
405.00      51.5
405.10      26.1
405.20      20.8
405.30      17.8
405.40      16.1
405.50      14.9
405.60      13.9
405.70      13.4
405.80      12.9
405.90      12.5
406.00      12.2
406.10      12.0
406.20      11.7
406.30      11.5
406.40      11.5
406.50      11.2
406.60      11.0
406.70      11.0
406.80      10.7
406.90      10.7
407.00      10.7
407.10      10.5
407.20      10.5
407.30      10.5
407.40      10.7
407.50      10.7
407.60      11.2
407.70      13.9
407.80      117.7
407.90      734.3
408.00      841.5
408.10      279.9
408.20      17.3
408.30      11.5
408.40      11.0
408.50      10.5
408.60      10.3
408.70      10.3
408.80      10.0
408.90      10.0
409.00      10.0
409.10      10.0
409.20      9.8
409.30      9.8
409.40      9.8
409.50      9.8
409.60      9.8
409.70      9.8
409.80      9.5
409.90      9.5
410.00      9.5
410.10      9.5
410.20      9.5
410.30      9.5
410.40      9.5
410.50      9.5
410.60      9.3
410.70      9.5
410.80      10.3
410.90      11.7
411.00      11.0
411.10      9.3
411.20      9.3
411.30      9.3
411.40      9.3
411.50      9.3
411.60      9.3
411.70      9.3
411.80      9.3
411.90      9.3
412.00      9.3
412.10      9.3
412.20      9.0
412.30      9.0
412.40      9.0
412.50      9.0
412.60      9.0
412.70      9.0
412.80      9.0
412.90      9.0
413.00      9.0
413.10      9.0
413.20      9.0
413.30      9.0
413.40      9.0
413.50      9.0
413.60      9.0
413.70      9.0
413.80      9.0
413.90      9.0
414.00      9.0
414.10      9.0
414.20      9.0
414.30      9.0
414.40      9.0
414.50      9.0
414.60      9.0
414.70      9.0
414.80      9.0
414.90      9.0
415.00      9.0
415.10      8.8
415.20      9.0
415.30      9.0
415.40      9.0
415.50      8.8
415.60      8.8
415.70      9.0
415.80      8.8
415.90      9.0
416.00      9.0
416.10      9.3
416.20      9.0
416.30      8.8
416.40      8.8
416.50      9.0
416.60      9.0
416.70      9.0
416.80      8.8
416.90      8.8
417.00      8.8
417.10      8.8
417.20      8.8
417.30      8.8
417.40      8.8
417.50      8.8
417.60      9.0
417.70      8.8
417.80      8.8
417.90      8.8
418.00      8.8
418.10      8.8
418.20      9.0
418.30      9.0
418.40      9.0
418.50      8.8
418.60      8.8
418.70      8.8
418.80      8.8
418.90      8.8
419.00      8.8
419.10      9.0
419.20      9.0
419.30      8.8
419.40      8.8
419.50      8.8
419.60      8.8
419.70      8.8
419.80      8.8
419.90      9.0
420.00      9.0
420.10      9.0
420.20      9.0
420.30      9.0
420.40      8.8
420.50      8.8
420.60      8.8
420.70      8.8
420.80      8.8
420.90      8.8
421.00      8.8
421.10      8.8
421.20      8.8
421.30      8.8
421.40      8.8
421.50      8.8
421.60      8.8
421.70      8.8
421.80      8.8
421.90      8.8
422.00      8.8
422.10      8.8
422.20      8.8
422.30      8.8
422.40      8.8
422.50      8.8
422.60      8.8
422.70      8.8
422.80      8.8
422.90      8.8
423.00      8.8
423.10      8.8
423.20      8.8
423.30      8.8
423.40      8.8
423.50      8.8
423.60      8.8
423.70      8.8
423.80      9.0
423.90      8.8
424.00      8.8
424.10      8.8
424.20      8.8
424.30      8.8
424.40      8.8
424.50      8.8
424.60      8.8
424.70      9.0
424.80      8.8
424.90      8.8
425.00      9.0
425.10      9.0
425.20      8.8
425.30      9.0
425.40      9.0
425.50      8.8
425.60      9.0
425.70      9.0
425.80      8.8
425.90      9.0
426.00      9.0
426.10      9.0
426.20      9.0
426.30      9.0
426.40      9.0
426.50      9.0
426.60      9.0
426.70      9.0
426.80      9.0
426.90      9.0
427.00      9.0
427.10      9.0
427.20      9.0
427.30      9.0
427.40      9.0
427.50      9.0
427.60      9.0
427.70      9.0
427.80      9.0
427.90      9.0
428.00      9.0
428.10      9.0
428.20      9.0
428.30      9.0
428.40      9.0
428.50      9.0
428.60      9.0
428.70      9.0
428.80      9.0
428.90      9.0
429.00      9.0
429.10      9.0
429.20      9.0
429.30      9.0
429.40      9.0
429.50      9.0
429.60      9.0
429.70      9.0
429.80      9.0
429.90      9.0
430.00      9.3
430.10      9.3
430.20      9.3
430.30      9.3
430.40      9.3
430.50      9.3
430.60      9.3
430.70      9.3
430.80      9.3
430.90      9.3
431.00      9.3
431.10      9.3
431.20      9.3
431.30      9.3
431.40      9.3
431.50      9.3
431.60      9.3
431.70      9.3
431.80      9.5
431.90      9.5
432.00      9.5
432.10      9.5
432.20      9.5
432.30      9.5
432.40      9.5
432.50      9.5
432.60      9.5
432.70      9.8
432.80      9.8
432.90      9.8
433.00      9.8
433.10      10.0
433.20      10.0
433.30      10.0
433.40      10.3
433.50      10.3
433.60      10.5
433.70      10.5
433.80      10.5
433.90      12.7
434.00      31.3
434.10      41.8
434.20      21.5
434.30      11.7
434.40      12.5
434.50      13.4
434.60      13.2
434.70      20.0
434.80      79.4
434.90      94.7
435.00      28.3
435.10      15.1
435.20      15.9
435.30      17.3
435.40      20.0
435.50      24.4
435.60      33.7
435.70      413.7
435.80      1000.0
435.90      1000.0
436.00      1000.0
436.10      213.4
436.20      46.2
436.30      32.0
436.40      24.9
436.50      21.5
436.60      19.0
436.70      17.6
436.80      16.6
436.90      15.6
437.00      14.7
437.10      14.4
437.20      13.9
437.30      13.4
437.40      13.2
437.50      12.7
437.60      12.9
437.70      12.5
437.80      12.2
437.90      12.0
438.00      11.5
438.10      11.5
438.20      11.2
438.30      11.0
438.40      11.0
438.50      10.7
438.60      10.7
438.70      10.5
438.80      10.5
438.90      10.5
439.00      10.5
439.10      10.3
439.20      10.3
439.30      10.3
439.40      10.3
439.50      10.3
439.60      10.3
439.70      10.3
439.80      10.3
439.90      10.3
440.00      10.0
440.10      10.0
440.20      10.0
440.30      10.0
440.40      10.0
440.50      10.0
440.60      10.0
440.70      9.8
440.80      9.8
440.90      9.8
441.00      9.8
441.10      9.8
441.20      9.8
441.30      9.8
441.40      9.5
441.50      9.5
441.60      9.5
441.70      9.5
441.80      9.5
441.90      9.5
442.00      9.5
442.10      9.3
442.20      9.5
442.30      9.5
442.40      9.3
442.50      9.3
442.60      9.3
442.70      9.3
442.80      9.3
442.90      9.3
443.00      9.3
443.10      9.0
443.20      9.0
443.30      9.3
443.40      9.3
443.50      9.3
443.60      9.0
443.70      9.0
443.80      9.0
443.90      9.0
444.00      9.0
444.10      9.0
444.20      9.0
444.30      9.0
444.40      9.0
444.50      9.0
444.60      9.0
444.70      9.0
444.80      9.0
444.90      9.0
445.00      9.0
445.10      9.0
445.20      9.0
445.30      9.0
445.40      9.0
445.50      9.0
445.60      9.0
445.70      9.0
445.80      9.0
445.90      9.0
446.00      9.0
446.10      9.0
446.20      9.0
446.30      9.0
446.40      9.0
446.50      9.0
446.60      9.0
446.70      9.0
446.80      9.0
446.90      9.0
447.00      8.8
447.10      9.0
447.20      9.0
447.30      9.0
447.40      9.0
447.50      9.0
447.60      9.0
447.70      9.0
447.80      8.8
447.90      8.8
448.00      8.8
448.10      8.8
448.20      8.8
448.30      8.8
448.40      8.8
448.50      9.0
448.60      8.8
448.70      8.8
448.80      9.0
448.90      8.8
449.00      9.0
449.10      8.8
449.20      8.8
449.30      8.8
449.40      8.8
449.50      8.8
449.60      8.8
449.70      8.8
449.80      8.8
449.90      8.8
450.00      9.0
450.10      8.8
450.20      8.8
450.30      8.8
450.40      8.8
450.50      8.8
450.60      8.8
450.70      8.8
450.80      8.8
450.90      8.8
451.00      8.8
451.10      9.0
451.20      8.8
451.30      8.8
451.40      8.8
451.50      8.8
451.60      8.8
451.70      8.8
451.80      8.8
451.90      8.8
452.00      8.8
452.10      8.8
452.20      8.8
452.30      8.8
452.40      8.8
452.50      8.8
452.60      8.8
452.70      8.8
452.80      8.8
452.90      8.8
453.00      8.8
453.10      8.8
453.20      8.8
453.30      8.8
453.40      8.8
453.50      8.8
453.60      8.8
453.70      8.8
453.80      8.8
453.90      8.8
454.00      8.8
454.10      8.8
454.20      8.8
454.30      8.8
454.40      8.8
454.50      8.8
454.60      8.8
454.70      8.8
454.80      8.8
454.90      8.8
455.00      8.8
455.10      8.8
455.20      8.8
455.30      8.8
455.40      8.8
455.50      8.8
455.60      8.8
455.70      8.8
455.80      8.8
455.90      8.8
456.00      8.8
456.10      8.8
456.20      8.8
456.30      8.8
456.40      8.8
456.50      8.8
456.60      8.8
456.70      8.8
456.80      8.8
456.90      8.8
457.00      8.8
457.10      8.8
457.20      8.8
457.30      8.8
457.40      8.8
457.50      8.8
457.60      8.8
457.70      8.8
457.80      8.8
457.90      8.8
458.00      8.8
458.10      8.8
458.20      8.8
458.30      8.8
458.40      8.8
458.50      8.8
458.60      8.8
458.70      8.8
458.80      8.8
458.90      8.8
459.00      8.8
459.10      8.8
459.20      8.8
459.30      8.8
459.40      8.8
459.50      8.8
459.60      8.8
459.70      8.8
459.80      8.8
459.90      8.8
460.00      8.8
460.10      8.8
460.20      8.8
460.30      8.8
460.40      8.8
460.50      8.8
460.60      8.8
460.70      8.8
460.80      8.8
460.90      8.8
461.00      8.8
461.10      8.8
461.20      8.8
461.30      8.8
461.40      8.5
461.50      8.8
461.60      8.8
461.70      8.8
461.80      8.8
461.90      8.8
462.00      8.8
462.10      8.8
462.20      8.8
462.30      8.8
462.40      8.8
462.50      8.8
462.60      8.8
462.70      8.8
462.80      8.8
462.90      8.8
463.00      8.8
463.10      8.8
463.20      8.8
463.30      8.8
463.40      8.8
463.50      8.8
463.60      8.8
463.70      8.8
463.80      8.8
463.90      8.8
464.00      8.8
464.10      8.8
464.20      8.8
464.30      8.8
464.40      8.8
464.50      8.8
464.60      8.8
464.70      8.8
464.80      8.8
464.90      8.8
465.00      8.8
465.10      8.8
465.20      8.8
465.30      8.8
465.40      8.8
465.50      8.8
465.60      8.8
465.70      8.8
465.80      8.8
465.90      8.8
466.00      8.8
466.10      8.8
466.20      8.8
466.30      8.8
466.40      8.8
466.50      8.8
466.60      8.8
466.70      8.8
466.80      8.8
466.90      8.8
467.00      8.8
467.10      8.8
467.20      8.8
467.30      8.8
467.40      8.8
467.50      8.8
467.60      8.8
467.70      8.8
467.80      8.8
467.90      8.8
468.00      8.8
468.10      8.8
468.20      8.8
468.30      8.8
468.40      8.8
468.50      8.8
468.60      8.8
468.70      8.8
468.80      8.8
468.90      8.8
469.00      8.8
469.10      8.8
469.20      8.8
469.30      8.8
469.40      8.8
469.50      8.8
469.60      8.8
469.70      8.8
469.80      8.8
469.90      8.8
470.00      8.8
470.10      8.8
470.20      8.8
470.30      8.8
470.40      8.8
470.50      8.8
470.60      8.8
470.70      8.8
470.80      8.8
470.90      8.8
471.00      8.8
471.10      8.8
471.20      8.8
471.30      8.8
471.40      8.8
471.50      8.8
471.60      8.8
471.70      8.8
471.80      8.8
471.90      8.8
472.00      8.8
472.10      8.8
472.20      8.8
472.30      8.8
472.40      8.8
472.50      8.8
472.60      8.8
472.70      8.8
472.80      8.8
472.90      8.8
473.00      8.8
473.10      8.8
473.20      8.8
473.30      8.8
473.40      8.8
473.50      8.8
473.60      8.8
473.70      8.8
473.80      8.8
473.90      8.8
474.00      8.8
474.10      8.8
474.20      8.8
474.30      8.8
474.40      8.8
474.50      8.8
474.60      8.8
474.70      8.8
474.80      8.8
474.90      8.8
475.00      8.8
475.10      8.8
475.20      8.8
475.30      8.8
475.40      8.8
475.50      8.8
475.60      8.8
475.70      8.8
475.80      8.8
475.90      8.8
476.00      8.8
476.10      8.8
476.20      8.8
476.30      8.8
476.40      8.8
476.50      8.8
476.60      8.8
476.70      8.8
476.80      8.8
476.90      8.8
477.00      8.8
477.10      8.8
477.20      8.8
477.30      8.8
477.40      8.8
477.50      8.8
477.60      8.8
477.70      8.8
477.80      8.8
477.90      8.8
478.00      8.8
478.10      8.8
478.20      8.8
478.30      8.8
478.40      8.8
478.50      8.8
478.60      8.8
478.70      8.8
478.80      8.8
478.90      8.8
479.00      8.8
479.10      8.8
479.20      8.8
479.30      8.8
479.40      8.8
479.50      8.8
479.60      8.8
479.70      8.8
479.80      8.8
479.90      8.8
480.00      8.8
480.10      8.8
480.20      8.8
480.30      8.8
480.40      8.5
480.50      8.8
480.60      8.8
480.70      8.8
480.80      8.8
480.90      8.8
481.00      8.8
481.10      8.8
481.20      8.8
481.30      8.8
481.40      8.8
481.50      8.8
481.60      8.8
481.70      8.8
481.80      8.8
481.90      8.8
482.00      8.8
482.10      8.8
482.20      8.8
482.30      8.8
482.40      8.8
482.50      8.8
482.60      8.8
482.70      8.8
482.80      8.8
482.90      8.8
483.00      8.8
483.10      8.8
483.20      8.8
483.30      8.8
483.40      8.8
483.50      8.8
483.60      8.8
483.70      8.8
483.80      8.8
483.90      8.8
484.00      8.8
484.10      8.8
484.20      8.8
484.30      8.8
484.40      8.8
484.50      8.8
484.60      8.8
484.70      8.8
484.80      8.8
484.90      8.8
485.00      8.8
485.10      8.8
485.20      8.8
485.30      8.8
485.40      8.8
485.50      8.8
485.60      8.8
485.70      8.8
485.80      8.8
485.90      8.8
486.00      8.8
486.10      8.8
486.20      8.8
486.30      8.8
486.40      8.8
486.50      8.8
486.60      8.8
486.70      8.8
486.80      8.8
486.90      8.8
487.00      8.8
487.10      8.8
487.20      8.8
487.30      8.8
487.40      8.8
487.50      8.8
487.60      8.5
487.70      8.8
487.80      8.8
487.90      8.8
488.00      8.8
488.10      8.8
488.20      8.8
488.30      8.8
488.40      8.8
488.50      8.8
488.60      8.5
488.70      8.8
488.80      8.8
488.90      8.5
489.00      8.8
489.10      8.8
489.20      8.8
489.30      8.8
489.40      8.8
489.50      8.8
489.60      8.8
489.70      8.8
489.80      8.8
489.90      8.8
490.00      8.8
490.10      8.8
490.20      8.8
490.30      8.8
490.40      8.8
490.50      8.8
490.60      8.8
490.70      8.8
490.80      8.8
490.90      8.8
491.00      8.8
491.10      8.8
491.20      8.8
491.30      8.8
491.40      10.7
491.50      29.3
491.60      37.9
491.70      16.8
491.80      9.0
491.90      8.8
492.00      8.8
492.10      8.8
492.20      8.8
492.30      8.8
492.40      8.8
492.50      8.8
492.60      8.8
492.70      8.8
492.80      8.8
492.90      8.8
493.00      8.8
493.10      8.8
493.20      8.8
493.30      8.8
493.40      8.8
493.50      8.8
493.60      8.8
493.70      8.8
493.80      8.8
493.90      8.8
494.00      8.8
494.10      8.8
494.20      8.8
494.30      8.8
494.40      8.8
494.50      8.8
494.60      8.8
494.70      8.8
494.80      8.8
494.90      8.8
495.00      8.8
495.10      8.8
495.20      8.8
495.30      8.8
495.40      8.8
495.50      8.8
495.60      8.8
495.70      8.8
495.80      8.8
495.90      9.0
496.00      9.0
496.10      9.3
496.20      9.3
496.30      9.0
496.40      8.8
496.50      8.8
496.60      8.8
496.70      8.8
496.80      8.8
496.90      8.8
497.00      8.8
497.10      8.8
497.20      8.8
497.30      8.8
497.40      8.8
497.50      8.8
497.60      8.8
497.70      8.8
497.80      8.8
497.90      8.8
498.00      8.8
498.10      8.8
498.20      8.8
498.30      8.8
498.40      8.8
498.50      8.8
498.60      8.8
498.70      8.8
498.80      8.8
498.90      8.8
499.00      8.8
499.10      8.8
499.20      8.8
499.30      8.8
499.40      8.8
499.50      8.8
499.60      8.8
499.70      8.8
499.80      8.8
499.90      8.8
500.00      8.8
500.10      8.8
500.20      8.8
500.30      8.8
500.40      8.8
500.50      8.8
500.60      8.8
500.70      8.8
500.80      8.8
500.90      8.8
501.00      8.8
501.10      8.8
501.20      8.8
501.30      8.8
501.40      8.8
501.50      8.8
501.60      8.8
501.70      8.8
501.80      8.8
501.90      8.8
502.00      8.8
502.10      8.8
502.20      8.8
502.30      8.8
502.40      8.8
502.50      9.0
502.60      9.3
502.70      8.8
502.80      8.8
502.90      8.8
503.00      8.8
503.10      8.8
503.20      8.8
503.30      8.8
503.40      8.8
503.50      8.8
503.60      8.8
503.70      8.8
503.80      8.8
503.90      8.8
504.00      8.8
504.10      8.8
504.20      8.8
504.30      8.8
504.40      8.8
504.50      8.8
504.60      8.8
504.70      8.8
504.80      8.8
504.90      8.8
505.00      8.8
505.10      8.8
505.20      8.8
505.30      8.8
505.40      8.8
505.50      8.8
505.60      8.8
505.70      8.8
505.80      8.8
505.90      8.8
506.00      8.8
506.10      8.8
506.20      8.8
506.30      8.8
506.40      8.8
506.50      8.8
506.60      8.8
506.70      8.8
506.80      8.8
506.90      8.8
507.00      8.8
507.10      8.8
507.20      8.8
507.30      8.8
507.40      8.8
507.50      8.8
507.60      8.8
507.70      8.8
507.80      8.8
507.90      8.8
508.00      8.8
508.10      8.8
508.20      8.8
508.30      8.8
508.40      8.8
508.50      8.8
508.60      8.8
508.70      8.8
508.80      8.8
508.90      8.8
509.00      8.8
509.10      8.8
509.20      8.8
509.30      8.8
509.40      8.8
509.50      8.8
509.60      8.8
509.70      8.8
509.80      8.8
509.90      8.8
510.00      8.8
510.10      8.8
510.20      8.8
510.30      8.8
510.40      8.8
510.50      8.8
510.60      8.8
510.70      8.8
510.80      8.8
510.90      8.8
511.00      8.8
511.10      8.8
511.20      8.8
511.30      8.8
511.40      8.8
511.50      8.8
511.60      8.8
511.70      8.8
511.80      8.8
511.90      8.8
512.00      8.8
512.10      9.0
512.20      9.0
512.30      8.8
512.40      8.8
512.50      8.8
512.60      8.8
512.70      8.8
512.80      8.8
512.90      8.8
513.00      8.8
513.10      8.8
513.20      8.8
513.30      8.8
513.40      8.8
513.50      8.8
513.60      8.8
513.70      8.8
513.80      8.8
513.90      8.8
514.00      8.8
514.10      8.8
514.20      8.8
514.30      8.8
514.40      8.8
514.50      8.8
514.60      8.8
514.70      8.8
514.80      8.5
514.90      8.8
515.00      8.8
515.10      8.8
515.20      8.8
515.30      8.8
515.40      8.8
515.50      8.8
515.60      8.8
515.70      8.5
515.80      8.8
515.90      8.8
516.00      8.8
516.10      8.8
516.20      8.8
516.30      8.8
516.40      8.8
516.50      8.8
516.60      8.8
516.70      8.8
516.80      8.8
516.90      8.8
517.00      8.8
517.10      8.8
517.20      8.5
517.30      8.8
517.40      8.8
517.50      8.8
517.60      8.8
517.70      8.8
517.80      8.8
517.90      8.8
518.00      8.8
518.10      8.8
518.20      8.8
518.30      8.8
518.40      8.8
518.50      8.8
518.60      8.8
518.70      8.8
518.80      8.8
518.90      8.8
519.00      8.8
519.10      8.8
519.20      8.8
519.30      8.8
519.40      8.8
519.50      8.8
519.60      8.8
519.70      8.8
519.80      8.8
519.90      8.8
520.00      8.8
520.10      8.8
520.20      8.8
520.30      8.8
520.40      8.8
520.50      8.8
520.60      8.8
520.70      8.8
520.80      8.8
520.90      8.8
521.00      8.8
521.10      8.8
521.20      8.8
521.30      8.8
521.40      8.8
521.50      8.8
521.60      8.8
521.70      8.8
521.80      8.8
521.90      8.8
522.00      8.8
522.10      8.8
522.20      8.8
522.30      8.8
522.40      8.8
522.50      8.8
522.60      8.8
522.70      8.8
522.80      8.8
522.90      8.8
523.00      8.8
523.10      8.8
523.20      8.8
523.30      8.8
523.40      8.8
523.50      8.8
523.60      8.8
523.70      8.8
523.80      8.5
523.90      8.5
524.00      8.8
524.10      8.8
524.20      8.8
524.30      8.8
524.40      8.8
524.50      8.8
524.60      8.8
524.70      8.8
524.80      8.8
524.90      8.8
525.00      8.8
525.10      8.8
525.20      8.8
525.30      8.5
525.40      8.8
525.50      8.8
525.60      8.8
525.70      8.8
525.80      8.8
525.90      8.8
526.00      8.8
526.10      8.8
526.20      8.8
526.30      8.8
526.40      8.5
526.50      8.5
526.60      8.8
526.70      8.8
526.80      8.8
526.90      8.8
527.00      8.8
527.10      8.8
527.20      8.8
527.30      8.8
527.40      8.8
527.50      8.5
527.60      8.8
527.70      8.8
527.80      8.8
527.90      8.8
528.00      8.8
528.10      8.8
528.20      8.8
528.30      8.8
528.40      8.8
528.50      8.5
528.60      8.8
528.70      8.8
528.80      8.8
528.90      8.8
529.00      8.8
529.10      8.8
529.20      8.8
529.30      8.8
529.40      8.8
529.50      8.8
529.60      8.8
529.70      8.8
529.80      8.8
529.90      8.8
530.00      8.8
530.10      8.8
530.20      8.8
530.30      8.8
530.40      8.8
530.50      8.8
530.60      8.8
530.70      8.8
530.80      8.8
530.90      8.8
531.00      8.8
531.10      8.8
531.20      8.8
531.30      8.8
531.40      8.8
531.50      9.0
531.60      8.8
531.70      8.8
531.80      8.8
531.90      8.8
532.00      8.8
532.10      8.8
532.20      8.8
532.30      8.8
532.40      8.8
532.50      8.8
532.60      8.8
532.70      8.8
532.80      8.8
532.90      8.8
533.00      8.8
533.10      8.8
533.20      8.8
533.30      8.8
533.40      8.8
533.50      8.8
533.60      8.8
533.70      8.8
533.80      8.8
533.90      8.8
534.00      8.8
534.10      8.8
534.20      8.8
534.30      8.8
534.40      8.8
534.50      8.8
534.60      8.8
534.70      8.8
534.80      8.8
534.90      8.8
535.00      8.8
535.10      8.8
535.20      9.0
535.30      9.3
535.40      9.3
535.50      8.8
535.60      8.8
535.70      8.8
535.80      8.8
535.90      8.8
536.00      8.8
536.10      9.0
536.20      8.8
536.30      9.0
536.40      9.0
536.50      9.0
536.60      9.0
536.70      9.0
536.80      9.0
536.90      9.0
537.00      8.8
537.10      8.8
537.20      8.8
537.30      8.8
537.40      8.8
537.50      8.8
537.60      8.8
537.70      9.0
537.80      8.8
537.90      9.0
538.00      9.0
538.10      9.0
538.20      9.0
538.30      9.0
538.40      9.0
538.50      9.0
538.60      9.0
538.70      9.0
538.80      9.0
538.90      9.0
539.00      9.0
539.10      9.0
539.20      9.0
539.30      9.0
539.40      9.0
539.50      9.0
539.60      9.0
539.70      9.0
539.80      9.0
539.90      9.0
540.00      9.0
540.10      9.0
540.20      9.0
540.30      9.0
540.40      9.0
540.50      9.0
540.60      9.0
540.70      9.0
540.80      9.0
540.90      8.8
541.00      9.0
541.10      9.0
541.20      9.0
541.30      9.0
541.40      9.0
541.50      9.0
541.60      9.3
541.70      9.3
541.80      9.0
541.90      9.3
542.00      9.3
542.10      9.3
542.20      9.3
542.30      9.3
542.40      9.3
542.50      9.3
542.60      9.3
542.70      9.3
542.80      9.3
542.90      9.5
543.00      9.5
543.10      9.5
543.20      9.5
543.30      9.5
543.40      9.5
543.50      9.8
543.60      9.8
543.70      9.8
543.80      9.8
543.90      10.0
544.00      10.0
544.10      10.0
544.20      10.0
544.30      10.3
544.40      10.3
544.50      10.5
544.60      10.5
544.70      10.7
544.80      10.7
544.90      11.0
545.00      11.2
545.10      11.7
545.20      12.0
545.30      12.7
545.40      13.7
545.50      15.1
545.60      18.1
545.70      25.6
545.80      438.1
545.90      1000.0
546.00      1000.0
546.10      742.4
546.20      51.0
546.30      29.3
546.40      22.2
546.50      18.3
546.60      16.1
546.70      14.7
546.80      13.9
546.90      13.2
547.00      12.5
547.10      12.0
547.20      11.7
547.30      11.5
547.40      11.2
547.50      11.0
547.60      10.7
547.70      10.5
547.80      10.3
547.90      10.3
548.00      10.0
548.10      10.0
548.20      10.0
548.30      10.0
548.40      10.0
548.50      9.8
548.60      9.8
548.70      9.8
548.80      9.8
548.90      9.8
549.00      9.8
549.10      9.8
549.20      9.8
549.30      9.8
549.40      9.8
549.50      9.8
549.60      9.5
549.70      9.5
549.80      9.5
549.90      9.5
550.00      9.5
550.10      9.5
550.20      9.5
550.30      9.5
550.40      9.5
550.50      9.3
550.60      9.3
550.70      9.3
550.80      9.3
550.90      9.3
551.00      9.3
551.10      9.3
551.20      9.3
551.30      9.3
551.40      9.0
551.50      9.3
551.60      9.0
551.70      9.0
551.80      9.0
551.90      9.0
552.00      9.0
552.10      9.0
552.20      9.0
552.30      9.0
552.40      9.0
552.50      9.0
552.60      9.0
552.70      9.0
552.80      9.0
552.90      9.0
553.00      9.0
553.10      9.0
553.20      9.0
553.30      9.0
553.40      9.0
553.50      9.0
553.60      9.0
553.70      8.8
553.80      9.0
553.90      9.0
554.00      8.8
554.10      9.0
554.20      9.0
554.30      9.0
554.40      9.0
554.50      9.0
554.60      8.8
554.70      9.0
554.80      9.0
554.90      9.0
555.00      8.8
555.10      8.8
555.20      8.8
555.30      8.8
555.40      9.0
555.50      9.0
555.60      9.0
555.70      9.0
555.80      8.8
555.90      8.8
556.00      8.8
556.10      8.8
556.20      8.8
556.30      8.8
556.40      8.8
556.50      9.0
556.60      8.8
556.70      8.8
556.80      8.8
556.90      8.8
557.00      9.0
557.10      8.8
557.20      8.8
557.30      8.8
557.40      9.0
557.50      9.0
557.60      9.0
557.70      9.0
557.80      8.8
557.90      8.8
558.00      8.8
558.10      8.8
558.20      9.0
558.30      8.8
558.40      8.8
558.50      8.8
558.60      8.8
558.70      8.8
558.80      8.8
558.90      8.8
559.00      8.8
559.10      8.8
559.20      8.8
559.30      8.8
559.40      8.8
559.50      8.8
559.60      8.8
559.70      8.8
559.80      8.8
559.90      8.8
560.00      8.8
560.10      8.8
560.20      8.8
560.30      8.8
560.40      8.8
560.50      8.8
560.60      8.8
560.70      8.8
560.80      8.8
560.90      8.8
561.00      8.8
561.10      8.8
561.20      8.8
561.30      8.8
561.40      8.8
561.50      8.8
561.60      8.8
561.70      8.8
561.80      8.8
561.90      8.8
562.00      8.8
562.10      8.8
562.20      8.8
562.30      8.8
562.40      8.8
562.50      8.8
562.60      8.8
562.70      8.8
562.80      8.8
562.90      8.8
563.00      8.8
563.10      8.8
563.20      8.8
563.30      8.8
563.40      8.8
563.50      8.8
563.60      8.8
563.70      8.8
563.80      8.8
563.90      8.8
564.00      8.8
564.10      8.8
564.20      8.8
564.30      8.8
564.40      8.8
564.50      8.8
564.60      8.8
564.70      8.8
564.80      8.8
564.90      8.8
565.00      8.8
565.10      8.8
565.20      8.8
565.30      8.8
565.40      8.8
565.50      8.8
565.60      8.8
565.70      8.8
565.80      8.8
565.90      8.8
566.00      8.8
566.10      8.8
566.20      8.8
566.30      8.8
566.40      8.8
566.50      8.8
566.60      8.8
566.70      8.8
566.80      8.8
566.90      8.8
567.00      8.8
567.10      8.8
567.20      8.8
567.30      9.0
567.40      9.3
567.50      9.3
567.60      8.8
567.70      8.8
567.80      8.8
567.90      8.8
568.00      8.8
568.10      8.8
568.20      8.8
568.30      8.8
568.40      8.8
568.50      8.8
568.60      8.8
568.70      8.8
568.80      8.8
568.90      8.8
569.00      8.8
569.10      8.8
569.20      8.8
569.30      8.8
569.40      8.8
569.50      8.8
569.60      8.8
569.70      8.8
569.80      8.8
569.90      8.8
570.00      8.8
570.10      8.8
570.20      8.8
570.30      8.8
570.40      8.8
570.50      8.8
570.60      8.8
570.70      8.8
570.80      8.8
570.90      8.8
571.00      8.8
571.10      8.8
571.20      8.8
571.30      8.8
571.40      8.8
571.50      8.8
571.60      8.8
571.70      8.8
571.80      8.8
571.90      8.8
572.00      8.8
572.10      8.8
572.20      8.8
572.30      8.8
572.40      8.8
572.50      8.8
572.60      8.8
572.70      8.8
572.80      9.0
572.90      8.8
573.00      8.8
573.10      8.8
573.20      8.8
573.30      8.8
573.40      9.0
573.50      9.0
573.60      9.0
573.70      9.0
573.80      9.0
573.90      9.0
574.00      9.0
574.10      8.8
574.20      9.0
574.30      9.0
574.40      9.0
574.50      9.0
574.60      9.0
574.70      9.0
574.80      9.0
574.90      9.0
575.00      9.0
575.10      9.0
575.20      9.0
575.30      9.0
575.40      9.0
575.50      9.0
575.60      9.3
575.70      9.0
575.80      9.0
575.90      9.3
576.00      9.3
576.10      9.3
576.20      9.5
576.30      9.5
576.40      9.8
576.50      10.5
576.60      17.6
576.70      306.7
576.80      995.1
576.90      659.8
577.00      26.1
577.10      11.5
577.20      10.5
577.30      10.3
577.40      10.0
577.50      9.8
577.60      9.5
577.70      9.5
577.80      9.5
577.90      9.5
578.00      9.5
578.10      9.5
578.20      9.5
578.30      9.8
578.40      10.3
578.50      12.0
578.60      72.3
578.70      819.5
578.80      990.5
578.90      90.8
579.00      13.2
579.10      11.0
579.20      10.5
579.30      10.0
579.40      9.8
579.50      9.5
579.60      9.5
579.70      9.3
579.80      9.3
579.90      9.3
580.00      9.5
580.10      9.5
580.20      9.3
580.30      9.0
580.40      9.0
580.50      9.0
580.60      9.0
580.70      9.0
580.80      9.0
580.90      9.0
581.00      9.0
581.10      9.0
581.20      9.0
581.30      9.0
581.40      9.0
581.50      9.0
581.60      9.0
581.70      9.0
581.80      9.0
581.90      9.0
582.00      9.0
582.10      9.0
582.20      9.0
582.30      9.0
582.40      8.8
582.50      9.0
582.60      8.8
582.70      8.8
582.80      9.0
582.90      8.8
583.00      8.8
583.10      8.8
583.20      8.8
583.30      8.8
583.40      8.8
583.50      8.8
583.60      8.8
583.70      8.8
583.80      8.8
583.90      8.8
584.00      8.8
584.10      8.8
584.20      8.8
584.30      8.8
584.40      8.8
584.50      8.8
584.60      8.8
584.70      8.8
584.80      8.8
584.90      8.8
585.00      8.8
585.10      8.8
585.20      8.8
585.30      8.8
585.40      8.8
585.50      8.8
585.60      8.8
585.70      9.0
585.80      8.8
585.90      8.8
586.00      8.8
586.10      8.8
586.20      8.8
586.30      8.8
586.40      8.8
586.50      8.8
586.60      8.8
586.70      8.8
586.80      8.8
586.90      8.8
587.00      8.8
587.10      8.8
587.20      8.8
587.30      8.8
587.40      8.8
587.50      8.8
587.60      8.8
587.70      8.8
587.80      8.8
587.90      8.8
588.00      8.8
588.10      8.8
588.20      8.8
588.30      8.8
588.40      8.8
588.50      9.0
588.60      8.8
588.70      8.8
588.80      8.8
588.90      8.8
589.00      8.8
589.10      8.8
589.20      8.8
589.30      8.8
589.40      8.8
589.50      8.8
589.60      8.8
589.70      8.8
589.80      8.8
589.90      8.8
590.00      8.8
590.10      8.8
590.20      8.8
590.30      8.8
590.40      8.8
590.50      8.8
590.60      8.8
590.70      8.8
590.80      8.8
590.90      8.8
591.00      8.8
591.10      8.8
591.20      8.8
591.30      8.8
591.40      8.8
591.50      8.8
591.60      8.8
591.70      8.8
591.80      8.8
591.90      8.8
592.00      8.8
592.10      8.8
592.20      8.8
592.30      8.8
592.40      8.8
592.50      8.8
592.60      8.8
592.70      8.8
592.80      8.8
592.90      8.8
593.00      8.8
593.10      8.8
593.20      8.8
593.30      8.8
593.40      8.8
593.50      8.8
593.60      8.8
593.70      8.8
593.80      8.8
593.90      8.8
594.00      8.8
594.10      8.8
594.20      8.8
594.30      8.8
594.40      8.8
594.50      8.8
594.60      8.8
594.70      8.8
594.80      8.8
594.90      8.8
595.00      8.8
595.10      8.8
595.20      8.8
595.30      8.8
595.40      8.8
595.50      8.8
595.60      8.8
595.70      8.8
595.80      8.8
595.90      8.8
596.00      8.8
596.10      8.8
596.20      8.8
596.30      8.8
596.40      8.8
596.50      8.8
596.60      8.8
596.70      8.8
596.80      8.8
596.90      8.8
597.00      8.8
597.10      8.8
597.20      8.8
597.30      8.8
597.40      8.8
597.50      8.8
597.60      8.8
597.70      8.8
597.80      8.8
597.90      8.8
598.00      8.8
598.10      8.8
598.20      8.8
598.30      8.8
598.40      8.8
598.50      8.8
598.60      8.8
598.70      8.8
598.80      8.8
598.90      8.8
599.00      8.8
599.10      8.8
599.20      8.8
599.30      8.8
599.40      8.8
599.50      8.8
599.60      8.8
599.70      8.8
599.80      8.8
599.90      8.8
600.00      8.8
600.10      8.8
600.20      8.8
600.30      8.8
600.40      8.8
600.50      8.8
600.60      8.8
600.70      8.8
600.80      8.8
600.90      8.8
601.00      8.8
601.10      8.8
601.20      8.8
601.30      8.8
601.40      8.8
601.50      8.8
601.60      8.8
601.70      8.8
601.80      8.8
601.90      8.8
602.00      8.8
602.10      8.8
602.20      8.8
602.30      8.8
602.40      8.8
602.50      8.8
602.60      8.8
602.70      8.8
602.80      8.8
602.90      8.8
603.00      8.8
603.10      8.8
603.20      8.8
603.30      8.8
603.40      8.8
603.50      8.8
603.60      8.8
603.70      8.8
603.80      8.8
603.90      8.8
604.00      8.8
604.10      8.8
604.20      8.8
604.30      8.8
604.40      8.8
604.50      8.8
604.60      8.8
604.70      8.8
604.80      8.8
604.90      8.8
605.00      8.8
605.10      8.8
605.20      8.8
605.30      8.8
605.40      8.8
605.50      8.8
605.60      8.8
605.70      8.8
605.80      8.8
605.90      8.8
606.00      8.8
606.10      8.8
606.20      8.8
606.30      8.8
606.40      8.8
606.50      8.8
606.60      8.8
606.70      8.8
606.80      9.0
606.90      9.0
607.00      8.8
607.10      8.8
607.20      8.8
607.30      8.8
607.40      8.8
607.50      8.8
607.60      8.8
607.70      8.8
607.80      8.8
607.90      8.8
608.00      8.8
608.10      8.8
608.20      8.8
608.30      8.8
608.40      8.8
608.50      8.8
608.60      8.8
608.70      8.8
608.80      8.8
608.90      8.8
609.00      8.8
609.10      8.8
609.20      8.8
609.30      8.8
609.40      8.8
609.50      8.8
609.60      8.8
609.70      8.8
609.80      8.8
609.90      8.8
610.00      8.8
610.10      8.8
610.20      8.8
610.30      8.8
610.40      8.8
610.50      8.8
610.60      8.8
610.70      8.8
610.80      8.8
610.90      8.8
611.00      8.8
611.10      8.8
611.20      8.8
611.30      8.8
611.40      8.8
611.50      8.8
611.60      8.8
611.70      9.0
611.80      9.0
611.90      8.8
612.00      8.8
612.10      8.8
612.20      8.8
612.30      8.8
612.40      8.8
612.50      8.8
612.60      8.8
612.70      8.8
612.80      8.8
612.90      8.8
613.00      8.8
613.10      8.8
613.20      8.8
613.30      8.8
613.40      8.8
613.50      8.8
613.60      8.8
613.70      8.8
613.80      8.8
613.90      8.8
614.00      8.8
614.10      8.8
614.20      8.8
614.30      8.8
614.40      8.8
614.50      8.8
614.60      8.8
614.70      8.8
614.80      8.8
614.90      8.8
615.00      8.8
615.10      8.8
615.20      8.8
615.30      8.8
615.40      8.8
615.50      8.8
615.60      8.8
615.70      8.8
615.80      8.8
615.90      8.8
616.00      8.8
616.10      8.8
616.20      8.8
616.30      8.8
616.40      8.8
616.50      8.8
616.60      8.8
616.70      8.8
616.80      8.8
616.90      8.5
617.00      8.8
617.10      8.8
617.20      8.8
617.30      8.8
617.40      8.8
617.50      8.8
617.60      8.8
617.70      8.8
617.80      8.8
617.90      8.8
618.00      8.8
618.10      8.8
618.20      8.8
618.30      8.8
618.40      8.8
618.50      8.8
618.60      8.8
618.70      8.5
618.80      8.8
618.90      8.8
619.00      8.8
619.10      8.8
619.20      8.8
619.30      8.8
619.40      8.8
619.50      8.8
619.60      8.8
619.70      8.8
619.80      8.8
619.90      8.8
620.00      8.8
620.10      8.8
620.20      8.8
620.30      8.8
620.40      8.8
620.50      8.8
620.60      8.8
620.70      8.8
620.80      8.8
620.90      8.8
621.00      8.8
621.10      8.8
621.20      8.8
621.30      8.8
621.40      8.8
621.50      8.8
621.60      8.8
621.70      8.8
621.80      8.8
621.90      8.8
622.00      8.8
622.10      8.8
622.20      8.8
622.30      8.8
622.40      8.8
622.50      8.8
622.60      8.8
622.70      8.8
622.80      9.5
622.90      9.3
623.00      8.8
623.10      8.8
623.20      8.5
623.30      8.8
623.40      8.8
623.50      8.5
623.60      8.5
623.70      8.5
623.80      8.5
623.90      8.5
624.00      8.5
624.10      8.5
624.20      8.5
624.30      8.5
624.40      8.5
624.50      8.5
624.60      8.5
624.70      8.5
624.80      8.5
624.90      8.5
625.00      8.5
625.10      8.5
625.20      8.5
625.30      8.5
625.40      8.5
625.50      8.5
625.60      8.5
625.70      8.8
625.80      8.8
625.90      8.5
626.00      8.8
626.10      8.8
626.20      8.5
626.30      8.5
626.40      8.5
626.50      8.8
626.60      8.8
626.70      8.8
626.80      8.8
626.90      8.8
627.00      8.8
627.10      8.8
627.20      8.8
627.30      8.5
627.40      8.8
627.50      8.8
627.60      8.8
627.70      8.8
627.80      8.8
627.90      8.8
628.00      8.8
628.10      8.8
628.20      8.8
628.30      8.8
628.40      8.8
628.50      8.8
628.60      8.8
628.70      8.8
628.80      8.8
628.90      8.8
629.00      8.8
629.10      8.8
629.20      8.8
629.30      8.8
629.40      8.8
629.50      8.8
629.60      8.8
629.70      8.8
629.80      8.8
629.90      8.8
630.00      8.8
630.10      8.8
630.20      8.8
630.30      8.8
630.40      8.8
630.50      8.8
630.60      8.8
630.70      8.8
630.80      8.8
630.90      8.8
631.00      8.8
631.10      8.8
631.20      8.8
631.30      8.8
631.40      8.8
631.50      8.8
631.60      8.8
631.70      8.8
631.80      8.8
631.90      8.8
632.00      8.8
632.10      8.8
632.20      8.8
632.30      8.8
632.40      8.8
632.50      8.8
632.60      8.8
632.70      8.8
632.80      8.8
632.90      8.8
633.00      8.8
633.10      8.8
633.20      8.8
633.30      8.8
633.40      8.8
633.50      8.8
633.60      8.8
633.70      8.8
633.80      8.8
633.90      8.8
634.00      8.8
634.10      8.8
634.20      8.8
634.30      8.8
634.40      8.8
634.50      8.8
634.60      8.8
634.70      8.8
634.80      8.8
634.90      8.8
635.00      8.8
635.10      8.8
635.20      8.8
635.30      8.8
635.40      8.8
635.50      8.8
635.60      8.8
635.70      8.8
635.80      8.8
635.90      8.8
636.00      8.8
636.10      8.8
636.20      8.8
636.30      8.8
636.40      8.8
636.50      8.8
636.60      8.8
636.70      8.8
636.80      8.8
636.90      8.8
637.00      8.8
637.10      8.8
637.20      8.8
637.30      8.8
637.40      8.8
637.50      8.8
637.60      8.8
637.70      8.8
637.80      8.8
637.90      8.8
638.00      8.8
638.10      8.8
638.20      8.8
638.30      8.8
638.40      8.8
638.50      8.8
638.60      8.8
638.70      8.8
638.80      8.8
638.90      8.8
639.00      8.8
639.10      8.8
639.20      8.8
639.30      8.8
639.40      8.8
639.50      8.8
639.60      8.8
639.70      8.8
639.80      8.8
639.90      8.8
640.00      8.8
640.10      8.8
640.20      8.8
640.30      8.8
640.40      8.8
640.50      8.8
640.60      8.8
640.70      8.8
640.80      8.8
640.90      8.8
641.00      8.8
641.10      8.8
641.20      8.8
641.30      8.8
641.40      8.8
641.50      8.8
641.60      8.8
641.70      8.8
641.80      8.8
641.90      8.8
642.00      8.8
642.10      8.8
642.20      8.8
642.30      8.8
642.40      8.8
642.50      8.8
642.60      8.8
642.70      8.8
642.80      8.8
642.90      8.8
643.00      8.8
643.10      8.8
643.20      8.8
643.30      8.8
643.40      8.8
643.50      8.8
643.60      8.8
643.70      8.8
643.80      8.8
643.90      8.8
644.00      8.8
644.10      8.8
644.20      8.8
644.30      8.8
644.40      8.8
644.50      8.8
644.60      8.8
644.70      8.8
644.80      8.8
644.90      8.8
645.00      8.8
645.10      8.8
645.20      8.8
645.30      8.8
645.40      8.8
645.50      8.8
645.60      8.8
645.70      8.8
645.80      8.8
645.90      8.8
646.00      8.8
646.10      8.8
646.20      8.8
646.30      8.8
646.40      8.8
646.50      8.8
646.60      8.8
646.70      8.8
646.80      8.8
646.90      8.8
647.00      8.8
647.10      8.8
647.20      8.8
647.30      8.8
647.40      8.8
647.50      8.8
647.60      8.8
647.70      8.8
647.80      8.8
647.90      8.8
648.00      8.8
648.10      8.8
648.20      8.8
648.30      8.8
648.40      8.8
648.50      8.8
648.60      8.8
648.70      8.5
648.80      8.8
648.90      8.8
649.00      8.8
649.10      8.8
649.20      8.8
649.30      8.8
649.40      8.8
649.50      8.8
649.60      8.8
649.70      8.8
649.80      8.8
649.90      8.8
650.00      8.8
