400.00      6.3
400.10      6.3
400.20      6.3
400.30      6.3
400.40      6.3
400.50      6.3
400.60      6.3
400.70      6.3
400.80      6.3
400.90      6.3
401.00      6.3
401.10      6.3
401.20      6.3
401.30      6.3
401.40      6.3
401.50      6.3
401.60      6.3
401.70      6.3
401.80      6.3
401.90      6.3
402.00      6.3
402.10      6.3
402.20      6.3
402.30      6.3
402.40      6.3
402.50      6.3
402.60      6.3
402.70      6.3
402.80      6.3
402.90      6.3
403.00      6.3
403.10      6.3
403.20      6.3
403.30      6.3
403.40      6.3
403.50      6.3
403.60      6.3
403.70      6.3
403.80      6.3
403.90      6.3
404.00      6.3
404.10      6.3
404.20      6.3
404.30      6.3
404.40      6.3
404.50      6.3
404.60      6.3
404.70      6.3
404.80      6.3
404.90      6.3
405.00      6.3
405.10      6.3
405.20      6.3
405.30      6.3
405.40      6.3
405.50      6.3
405.60      6.3
405.70      6.3
405.80      6.3
405.90      6.3
406.00      6.3
406.10      6.3
406.20      6.3
406.30      6.3
406.40      6.3
406.50      6.3
406.60      6.3
406.70      6.3
406.80      6.3
406.90      6.3
407.00      6.3
407.10      6.3
407.20      6.3
407.30      6.3
407.40      6.3
407.50      6.3
407.60      6.3
407.70      6.3
407.80      6.3
407.90      6.3
408.00      6.3
408.10      6.3
408.20      6.3
408.30      6.3
408.40      6.3
408.50      6.3
408.60      6.3
408.70      6.3
408.80      6.3
408.90      6.3
409.00      6.3
409.10      6.3
409.20      6.3
409.30      6.3
409.40      6.3
409.50      6.3
409.60      6.3
409.70      6.3
409.80      6.3
409.90      6.3
410.00      6.3
410.10      6.3
410.20      6.3
410.30      6.3
410.40      6.3
410.50      6.3
410.60      6.3
410.70      6.3
410.80      6.6
410.90      6.3
411.00      6.3
411.10      6.3
411.20      6.6
411.30      6.6
411.40      6.3
411.50      6.3
411.60      6.3
411.70      6.3
411.80      6.6
411.90      6.3
412.00      6.6
412.10      6.6
412.20      6.6
412.30      6.6
412.40      6.6
412.50      6.6
412.60      6.6
412.70      6.6
412.80      6.6
412.90      6.6
413.00      6.6
413.10      6.6
413.20      6.6
413.30      6.6
413.40      6.6
413.50      6.6
413.60      6.6
413.70      6.6
413.80      6.6
413.90      6.6
414.00      6.6
414.10      6.6
414.20      6.6
414.30      6.6
414.40      6.6
414.50      6.6
414.60      6.6
414.70      6.8
414.80      6.6
414.90      6.8
415.00      6.8
415.10      6.6
415.20      6.8
415.30      6.8
415.40      6.8
415.50      6.8
415.60      6.8
415.70      6.8
415.80      6.8
415.90      6.8
416.00      6.8
416.10      6.8
416.20      6.8
416.30      6.8
416.40      6.8
416.50      6.8
416.60      6.8
416.70      6.8
416.80      6.8
416.90      6.8
417.00      6.8
417.10      6.8
417.20      7.1
417.30      7.1
417.40      6.8
417.50      7.1
417.60      7.1
417.70      7.1
417.80      7.1
417.90      7.1
418.00      7.1
418.10      7.1
418.20      7.1
418.30      7.1
418.40      7.1
418.50      7.3
418.60      7.3
418.70      7.3
418.80      7.3
418.90      7.3
419.00      7.3
419.10      7.3
419.20      7.3
419.30      7.3
419.40      7.3
419.50      7.3
419.60      7.3
419.70      7.6
419.80      7.3
419.90      7.6
420.00      7.6
420.10      7.6
420.20      7.6
420.30      7.6
420.40      7.6
420.50      7.6
420.60      7.6
420.70      7.8
420.80      7.8
420.90      7.8
421.00      7.8
421.10      7.8
421.20      7.8
421.30      7.8
421.40      7.8
421.50      8.1
421.60      7.8
421.70      8.1
421.80      8.1
421.90      8.1
422.00      8.1
422.10      8.1
422.20      8.1
422.30      8.1
422.40      8.1
422.50      8.3
422.60      8.3
422.70      8.3
422.80      8.3
422.90      8.3
423.00      8.3
423.10      8.3
423.20      8.3
423.30      8.5
423.40      8.5
423.50      8.5
423.60      8.5
423.70      8.5
423.80      8.5
423.90      8.5
424.00      8.8
424.10      8.8
424.20      8.8
424.30      8.8
424.40      8.8
424.50      8.8
424.60      9.0
424.70      9.0
424.80      9.0
424.90      9.0
425.00      9.0
425.10      9.0
425.20      9.3
425.30      9.3
425.40      9.3
425.50      9.3
425.60      9.3
425.70      9.5
425.80      9.5
425.90      9.5
426.00      9.5
426.10      9.5
426.20      9.8
426.30      9.8
426.40      9.8
426.50      9.8
426.60      10.0
426.70      10.0
426.80      10.0
426.90      10.0
427.00      10.3
427.10      10.3
427.20      10.3
427.30      10.5
427.40      10.5
427.50      10.5
427.60      10.5
427.70      10.7
427.80      10.7
427.90      10.7
428.00      11.0
428.10      11.0
428.20      11.0
428.30      11.0
428.40      11.2
428.50      11.2
428.60      11.2
428.70      11.5
428.80      11.5
428.90      11.7
429.00      11.7
429.10      11.7
429.20      12.0
429.30      12.0
429.40      12.0
429.50      12.2
429.60      12.2
429.70      12.2
429.80      12.5
429.90      12.5
430.00      12.5
430.10      12.7
430.20      12.7
430.30      12.9
430.40      12.9
430.50      12.9
430.60      13.2
430.70      13.2
430.80      13.4
430.90      13.4
431.00      13.4
431.10      13.4
431.20      13.7
431.30      13.9
431.40      13.9
431.50      13.9
431.60      14.2
431.70      14.2
431.80      14.4
431.90      14.4
432.00      14.7
432.10      14.7
432.20      14.9
432.30      14.9
432.40      15.1
432.50      15.1
432.60      15.4
432.70      15.4
432.80      15.6
432.90      15.6
433.00      16.1
433.10      16.1
433.20      16.4
433.30      16.4
433.40      16.6
433.50      16.6
433.60      16.8
433.70      17.1
433.80      17.3
433.90      17.3
434.00      17.6
434.10      17.8
434.20      17.8
434.30      18.1
434.40      18.3
434.50      18.6
434.60      18.6
434.70      18.8
434.80      19.0
434.90      19.3
435.00      19.5
435.10      19.8
435.20      19.8
435.30      20.0
435.40      20.3
435.50      20.5
435.60      20.8
435.70      21.0
435.80      21.0
435.90      21.2
436.00      21.5
436.10      21.7
436.20      22.0
436.30      22.2
436.40      22.5
436.50      22.7
436.60      23.0
436.70      23.2
436.80      23.4
436.90      23.7
437.00      23.9
437.10      24.2
437.20      24.4
437.30      24.7
437.40      24.9
437.50      25.2
437.60      25.4
437.70      25.6
437.80      25.9
437.90      26.4
438.00      26.6
438.10      26.9
438.20      27.1
438.30      27.4
438.40      27.6
438.50      28.1
438.60      28.3
438.70      28.6
438.80      28.8
438.90      29.1
439.00      29.5
439.10      29.8
439.20      30.3
439.30      30.5
439.40      30.8
439.50      31.3
439.60      31.5
439.70      31.7
439.80      32.2
439.90      32.5
440.00      32.7
440.10      33.2
440.20      33.5
440.30      33.9
440.40      34.2
440.50      34.7
440.60      35.2
440.70      35.4
440.80      35.9
440.90      36.1
441.00      36.6
441.10      37.1
441.20      37.6
441.30      37.9
441.40      38.3
441.50      38.8
441.60      39.6
441.70      39.8
441.80      40.3
441.90      40.8
442.00      41.3
442.10      41.8
442.20      42.2
442.30      43.0
442.40      43.5
442.50      44.0
442.60      44.4
442.70      44.9
442.80      45.4
442.90      46.2
443.00      46.6
443.10      47.4
443.20      47.9
443.30      48.4
443.40      49.1
443.50      49.6
443.60      50.3
443.70      50.8
443.80      51.3
443.90      52.0
444.00      52.5
444.10      53.0
444.20      53.7
444.30      54.5
444.40      54.9
444.50      55.7
444.60      56.4
444.70      56.9
444.80      57.4
444.90      58.1
445.00      59.1
445.10      59.6
445.20      60.1
445.30      60.8
445.40      61.5
445.50      62.3
445.60      63.0
445.70      63.7
445.80      64.2
445.90      64.7
446.00      65.7
446.10      66.4
446.20      67.2
446.30      67.6
446.40      68.4
446.50      69.4
446.60      70.1
446.70      70.8
446.80      71.3
446.90      72.0
447.00      72.8
447.10      73.3
447.20      74.2
447.30      75.0
447.40      75.7
447.50      76.4
447.60      77.2
447.70      77.9
447.80      78.6
447.90      79.4
448.00      80.1
448.10      80.6
448.20      81.6
448.30      82.5
448.40      83.0
448.50      84.0
448.60      84.7
448.70      85.5
448.80      86.2
448.90      86.7
449.00      87.7
449.10      88.4
449.20      89.4
449.30      90.1
449.40      90.8
449.50      91.8
449.60      92.8
449.70      93.3
449.80      94.3
449.90      95.0
450.00      95.7
450.10      96.5
450.20      97.2
450.30      97.7
450.40      98.7
450.50      99.4
450.60      100.1
450.70      100.9
450.80      101.6
450.90      102.1
451.00      102.8
451.10      103.3
451.20      104.0
451.30      104.5
451.40      105.3
451.50      105.7
451.60      106.2
451.70      106.5
451.80      107.0
451.90      107.7
452.00      107.9
452.10      108.4
452.20      108.9
452.30      109.6
452.40      109.6
452.50      110.1
452.60      110.4
452.70      110.9
452.80      111.1
452.90      111.1
453.00      111.4
453.10      111.6
453.20      111.8
453.30      112.1
453.40      112.3
453.50      112.3
453.60      112.6
453.70      112.6
453.80      112.3
453.90      113.1
454.00      113.1
454.10      113.1
454.20      113.1
454.30      112.8
454.40      113.3
454.50      113.1
454.60      112.8
454.70      112.8
454.80      112.8
454.90      112.6
455.00      112.3
455.10      112.3
455.20      112.3
455.30      112.1
455.40      111.8
455.50      111.4
455.60      111.4
455.70      111.8
455.80      112.3
455.90      112.1
456.00      111.6
456.10      111.6
456.20      110.9
456.30      110.4
456.40      110.1
456.50      109.6
456.60      109.2
456.70      108.4
456.80      107.9
456.90      107.7
457.00      107.0
457.10      106.5
457.20      105.7
457.30      105.0
457.40      104.5
457.50      103.8
457.60      103.3
457.70      102.6
457.80      102.1
457.90      101.3
458.00      100.6
458.10      99.9
458.20      99.1
458.30      98.4
458.40      97.4
458.50      96.7
458.60      96.0
458.70      95.0
458.80      94.3
458.90      93.3
459.00      92.3
459.10      91.6
459.20      90.8
459.30      90.1
459.40      88.9
459.50      88.4
459.60      87.7
459.70      86.9
459.80      86.0
459.90      85.2
460.00      84.2
460.10      83.5
460.20      82.8
460.30      81.8
460.40      80.8
460.50      80.1
460.60      79.1
460.70      78.4
460.80      77.7
460.90      76.9
461.00      76.2
461.10      75.7
461.20      75.2
461.30      74.5
461.40      73.5
461.50      72.8
461.60      72.0
461.70      71.6
461.80      70.8
461.90      70.3
462.00      69.6
462.10      68.9
462.20      68.1
462.30      67.6
462.40      66.9
462.50      66.4
462.60      65.7
462.70      65.2
462.80      64.5
462.90      64.0
463.00      63.5
463.10      63.0
463.20      62.3
463.30      61.8
463.40      61.1
463.50      60.6
463.60      60.1
463.70      59.6
463.80      59.1
463.90      58.6
464.00      58.1
464.10      57.6
464.20      56.9
464.30      56.7
464.40      55.9
464.50      55.4
464.60      54.9
464.70      54.5
464.80      54.0
464.90      53.5
465.00      53.0
465.10      52.7
465.20      52.3
465.30      51.8
465.40      51.5
465.50      51.0
465.60      50.5
465.70      50.3
465.80      49.8
465.90      49.3
466.00      48.8
466.10      48.6
466.20      48.4
466.30      47.9
466.40      47.6
466.50      47.1
466.60      46.9
466.70      46.4
466.80      46.2
466.90      45.7
467.00      45.4
467.10      45.2
467.20      44.7
467.30      44.4
467.40      44.2
467.50      44.0
467.60      43.5
467.70      43.2
467.80      43.0
467.90      42.5
468.00      42.2
468.10      42.0
468.20      41.8
468.30      41.5
468.40      41.3
468.50      41.0
468.60      40.8
468.70      40.5
468.80      40.3
468.90      40.0
469.00      39.8
469.10      39.3
469.20      39.3
469.30      38.8
469.40      38.6
469.50      38.3
469.60      38.1
469.70      37.9
469.80      37.4
469.90      37.4
470.00      37.1
470.10      36.9
470.20      36.4
470.30      36.4
470.40      36.1
470.50      35.7
470.60      35.7
470.70      35.4
470.80      35.2
470.90      34.9
471.00      34.7
471.10      34.4
471.20      34.2
471.30      33.9
471.40      33.7
471.50      33.5
471.60      33.2
471.70      33.0
471.80      32.7
471.90      32.5
472.00      32.2
472.10      32.0
472.20      31.7
472.30      31.7
472.40      31.3
472.50      31.0
472.60      30.8
472.70      30.5
472.80      30.3
472.90      30.0
473.00      29.8
473.10      29.5
473.20      29.3
473.30      29.1
473.40      28.8
473.50      28.6
473.60      28.3
473.70      28.1
473.80      27.8
473.90      27.6
474.00      27.4
474.10      27.1
474.20      26.9
474.30      26.6
474.40      26.4
474.50      26.1
474.60      25.9
474.70      25.6
474.80      25.4
474.90      25.2
475.00      24.9
475.10      24.9
475.20      24.7
475.30      24.4
475.40      24.2
475.50      23.9
475.60      23.7
475.70      23.4
475.80      23.2
475.90      23.0
476.00      23.0
476.10      22.7
476.20      22.5
476.30      22.2
476.40      22.0
476.50      21.7
476.60      21.7
476.70      21.5
476.80      21.5
476.90      21.2
477.00      21.0
477.10      20.8
477.20      20.8
477.30      20.5
477.40      20.5
477.50      20.3
477.60      20.0
477.70      20.0
477.80      19.8
477.90      19.5
478.00      19.5
478.10      19.3
478.20      19.0
478.30      18.8
478.40      18.8
478.50      18.6
478.60      18.3
478.70      18.3
478.80      18.1
478.90      18.1
479.00      18.1
479.10      17.8
479.20      17.8
479.30      17.6
479.40      17.6
479.50      17.3
479.60      17.1
479.70      17.1
479.80      17.1
479.90      16.8
480.00      16.6
480.10      16.6
480.20      16.4
480.30      16.4
480.40      16.4
480.50      16.1
480.60      16.1
480.70      15.9
480.80      15.9
480.90      15.9
481.00      15.6
481.10      15.6
481.20      15.4
481.30      15.1
481.40      15.1
481.50      14.9
481.60      14.9
481.70      14.9
481.80      14.9
481.90      14.7
482.00      14.7
482.10      14.7
482.20      14.4
482.30      14.4
482.40      14.2
482.50      14.2
482.60      14.2
482.70      13.9
482.80      13.9
482.90      13.7
483.00      13.7
483.10      13.7
483.20      13.7
483.30      13.4
483.40      13.4
483.50      13.2
483.60      13.2
483.70      13.2
483.80      13.2
483.90      13.2
484.00      13.2
484.10      12.9
484.20      12.9
484.30      12.9
484.40      12.9
484.50      12.7
484.60      12.7
484.70      12.7
484.80      12.5
484.90      12.5
485.00      12.5
485.10      12.5
485.20      12.2
485.30      12.2
485.40      12.2
485.50      12.2
485.60      12.0
485.70      12.2
485.80      12.0
485.90      12.0
486.00      12.0
486.10      12.0
486.20      11.7
486.30      11.7
486.40      11.7
486.50      11.7
486.60      11.7
486.70      11.5
486.80      11.5
486.90      11.5
487.00      11.5
487.10      11.2
487.20      11.2
487.30      11.2
487.40      11.2
487.50      11.0
487.60      11.0
487.70      11.0
487.80      11.0
487.90      11.0
488.00      11.0
488.10      11.0
488.20      11.0
488.30      11.0
488.40      10.7
488.50      10.7
488.60      10.7
488.70      10.7
488.80      10.5
488.90      10.5
489.00      10.5
489.10      10.5
489.20      10.5
489.30      10.5
489.40      10.3
489.50      10.3
489.60      10.3
489.70      10.3
489.80      10.3
489.90      10.0
490.00      10.0
490.10      10.0
490.20      10.0
490.30      10.0
490.40      10.0
490.50      9.8
490.60      9.8
490.70      9.8
490.80      9.8
490.90      9.8
491.00      9.5
491.10      9.5
491.20      9.5
491.30      9.5
491.40      9.5
491.50      9.5
491.60      9.3
491.70      9.5
491.80      9.3
491.90      9.3
492.00      9.3
492.10      9.3
492.20      9.3
492.30      9.3
492.40      9.0
492.50      9.3
492.60      9.0
492.70      9.0
492.80      9.0
492.90      9.0
493.00      9.0
493.10      9.0
493.20      9.0
493.30      9.0
493.40      8.8
493.50      8.8
493.60      8.8
493.70      8.8
493.80      8.8
493.90      8.8
494.00      8.8
494.10      8.8
494.20      8.8
494.30      8.8
494.40      8.5
494.50      8.5
494.60      8.5
494.70      8.5
494.80      8.5
494.90      8.5
495.00      8.5
495.10      8.5
495.20      8.5
495.30      8.5
495.40      8.3
495.50      8.3
495.60      8.3
495.70      8.3
495.80      8.3
495.90      8.3
496.00      8.3
496.10      8.3
496.20      8.3
496.30      8.3
496.40      8.3
496.50      8.1
496.60      8.1
496.70      8.1
496.80      8.1
496.90      8.1
497.00      8.1
497.10      8.1
497.20      8.1
497.30      8.1
497.40      8.1
497.50      8.1
497.60      8.1
497.70      7.8
497.80      8.1
497.90      7.8
498.00      7.8
498.10      7.8
498.20      7.8
498.30      7.8
498.40      7.8
498.50      7.8
498.60      7.8
498.70      7.8
498.80      7.8
498.90      7.8
499.00      7.8
499.10      7.6
499.20      7.6
499.30      7.6
499.40      7.6
499.50      7.6
499.60      7.6
499.70      7.6
499.80      7.6
499.90      7.6
500.00      7.6
500.10      7.6
500.20      7.6
500.30      7.6
500.40      7.6
500.50      7.6
500.60      7.6
500.70      7.6
500.80      7.3
500.90      7.3
501.00      7.6
501.10      7.3
501.20      7.3
501.30      7.3
501.40      7.3
501.50      7.3
501.60      7.3
501.70      7.3
501.80      7.3
501.90      7.3
502.00      7.3
502.10      7.3
502.20      7.3
502.30      7.3
502.40      7.3
502.50      7.3
502.60      7.3
502.70      7.3
502.80      7.3
502.90      7.3
503.00      7.3
503.10      7.3
503.20      7.3
503.30      7.3
503.40      7.1
503.50      7.3
503.60      7.1
503.70      7.1
503.80      7.1
503.90      7.1
504.00      7.1
504.10      7.1
504.20      7.1
504.30      7.1
504.40      7.1
504.50      7.1
504.60      7.1
504.70      7.1
504.80      7.1
504.90      7.1
505.00      7.1
505.10      7.1
505.20      7.1
505.30      7.1
505.40      7.1
505.50      7.1
505.60      7.1
505.70      7.1
505.80      7.1
505.90      6.8
506.00      6.8
506.10      7.1
506.20      6.8
506.30      6.8
506.40      6.8
506.50      6.8
506.60      6.8
506.70      6.8
506.80      6.8
506.90      6.8
507.00      6.8
507.10      6.8
507.20      6.8
507.30      6.8
507.40      6.8
507.50      6.8
507.60      6.8
507.70      6.8
507.80      6.8
507.90      6.8
508.00      6.8
508.10      6.8
508.20      6.8
508.30      6.8
508.40      6.8
508.50      6.8
508.60      6.8
508.70      6.8
508.80      6.8
508.90      6.8
509.00      6.8
509.10      6.8
509.20      6.6
509.30      6.6
509.40      6.8
509.50      6.8
509.60      6.8
509.70      6.8
509.80      6.8
509.90      6.8
510.00      6.8
510.10      6.8
510.20      6.8
510.30      6.8
510.40      6.8
510.50      6.8
510.60      6.8
510.70      6.8
510.80      6.8
510.90      6.8
511.00      6.8
511.10      6.8
511.20      6.8
511.30      6.8
511.40      6.6
511.50      6.8
511.60      6.6
511.70      6.8
511.80      6.6
511.90      6.8
512.00      6.8
512.10      6.8
512.20      6.8
512.30      6.6
512.40      6.6
512.50      6.8
512.60      6.6
512.70      6.6
512.80      6.6
512.90      6.6
513.00      6.6
513.10      6.6
513.20      6.6
513.30      6.6
513.40      6.6
513.50      6.6
513.60      6.6
513.70      6.6
513.80      6.6
513.90      6.6
514.00      6.6
514.10      6.6
514.20      6.6
514.30      6.6
514.40      6.6
514.50      6.6
514.60      6.6
514.70      6.6
514.80      6.6
514.90      6.6
515.00      6.6
515.10      6.6
515.20      6.6
515.30      6.6
515.40      6.6
515.50      6.6
515.60      6.6
515.70      6.6
515.80      6.6
515.90      6.6
516.00      6.6
516.10      6.6
516.20      6.6
516.30      6.6
516.40      6.6
516.50      6.6
516.60      6.6
516.70      6.6
516.80      6.6
516.90      6.6
517.00      6.6
517.10      6.6
517.20      6.6
517.30      6.6
517.40      6.6
517.50      6.6
517.60      6.6
517.70      6.6
517.80      6.6
517.90      6.6
518.00      6.6
518.10      6.6
518.20      6.6
518.30      6.6
518.40      6.6
518.50      6.6
518.60      6.6
518.70      6.6
518.80      6.6
518.90      6.6
519.00      6.6
519.10      6.6
519.20      6.6
519.30      6.6
519.40      6.6
519.50      6.6
519.60      6.6
519.70      6.6
519.80      6.6
519.90      6.6
520.00      6.6
520.10      6.6
520.20      6.3
520.30      6.3
520.40      6.6
520.50      6.3
520.60      6.6
520.70      6.3
520.80      6.6
520.90      6.3
521.00      6.6
521.10      6.3
521.20      6.6
521.30      6.3
521.40      6.6
521.50      6.3
521.60      6.6
521.70      6.3
521.80      6.3
521.90      6.6
522.00      6.3
522.10      6.3
522.20      6.6
522.30      6.3
522.40      6.6
522.50      6.3
522.60      6.3
522.70      6.6
522.80      6.6
522.90      6.6
523.00      6.6
523.10      6.6
523.20      6.3
523.30      6.3
523.40      6.3
523.50      6.3
523.60      6.3
523.70      6.3
523.80      6.3
523.90      6.3
524.00      6.6
524.10      6.3
524.20      6.3
524.30      6.3
524.40      6.3
524.50      6.3
524.60      6.3
524.70      6.3
524.80      6.3
524.90      6.3
525.00      6.3
525.10      6.3
525.20      6.3
525.30      6.3
525.40      6.3
525.50      6.3
525.60      6.3
525.70      6.3
525.80      6.3
525.90      6.3
526.00      6.3
526.10      6.3
526.20      6.3
526.30      6.3
526.40      6.3
526.50      6.3
526.60      6.3
526.70      6.3
526.80      6.3
526.90      6.3
527.00      6.3
527.10      6.3
527.20      6.3
527.30      6.3
527.40      6.3
527.50      6.3
527.60      6.3
527.70      6.3
527.80      6.3
527.90      6.3
528.00      6.3
528.10      6.3
528.20      6.3
528.30      6.3
528.40      6.3
528.50      6.3
528.60      6.3
528.70      6.3
528.80      6.3
528.90      6.3
529.00      6.3
529.10      6.3
529.20      6.3
529.30      6.3
529.40      6.3
529.50      6.3
529.60      6.3
529.70      6.3
529.80      6.3
529.90      6.3
530.00      6.3
530.10      6.3
530.20      6.3
530.30      6.3
530.40      6.3
530.50      6.3
530.60      6.3
530.70      6.3
530.80      6.3
530.90      6.3
531.00      6.3
531.10      6.3
531.20      6.3
531.30      6.3
531.40      6.3
531.50      6.3
531.60      6.3
531.70      6.3
531.80      6.3
531.90      6.3
532.00      6.3
532.10      6.3
532.20      6.3
532.30      6.3
532.40      6.3
532.50      6.3
532.60      6.3
532.70      6.3
532.80      6.3
532.90      6.3
533.00      6.3
533.10      6.3
533.20      6.3
533.30      6.3
533.40      6.3
533.50      6.3
533.60      6.3
533.70      6.3
533.80      6.3
533.90      6.3
534.00      6.3
534.10      6.3
534.20      6.3
534.30      6.3
534.40      6.3
534.50      6.3
534.60      6.3
534.70      6.3
534.80      6.3
534.90      6.3
535.00      6.3
535.10      6.3
535.20      6.3
535.30      6.3
535.40      6.3
535.50      6.3
535.60      6.3
535.70      6.3
535.80      6.3
535.90      6.3
536.00      6.3
536.10      6.3
536.20      6.3
536.30      6.3
536.40      6.3
536.50      6.3
536.60      6.3
536.70      6.3
536.80      6.3
536.90      6.3
537.00      6.3
537.10      6.3
537.20      6.3
537.30      6.3
537.40      6.3
537.50      6.3
537.60      6.3
537.70      6.3
537.80      6.3
537.90      6.3
538.00      6.3
538.10      6.3
538.20      6.3
538.30      6.3
538.40      6.3
538.50      6.3
538.60      6.3
538.70      6.3
538.80      6.3
538.90      6.3
539.00      6.3
539.10      6.3
539.20      6.3
539.30      6.3
539.40      6.3
539.50      6.3
539.60      6.3
539.70      6.3
539.80      6.3
539.90      6.3
540.00      6.3
540.10      6.3
540.20      6.3
540.30      6.3
540.40      6.3
540.50      6.3
540.60      6.3
540.70      6.3
540.80      6.3
540.90      6.3
541.00      6.3
541.10      6.3
541.20      6.3
541.30      6.3
541.40      6.3
541.50      6.3
541.60      6.3
541.70      6.3
541.80      6.3
541.90      6.3
542.00      6.3
542.10      6.3
542.20      6.3
542.30      6.3
542.40      6.3
542.50      6.3
542.60      6.3
542.70      6.3
542.80      6.3
542.90      6.3
543.00      6.3
543.10      6.3
543.20      6.3
543.30      6.3
543.40      6.3
543.50      6.3
543.60      6.3
543.70      6.3
543.80      6.3
543.90      6.3
544.00      6.3
544.10      6.3
544.20      6.3
544.30      6.3
544.40      6.3
544.50      6.3
544.60      6.3
544.70      6.3
544.80      6.3
544.90      6.3
545.00      6.3
545.10      6.3
545.20      6.3
545.30      6.3
545.40      6.3
545.50      6.3
545.60      6.3
545.70      6.3
545.80      6.3
545.90      6.3
546.00      6.3
546.10      6.3
546.20      6.3
546.30      6.3
546.40      6.3
546.50      6.3
546.60      6.3
546.70      6.3
546.80      6.3
546.90      6.3
547.00      6.3
547.10      6.3
547.20      6.3
547.30      6.3
547.40      6.3
547.50      6.3
547.60      6.3
547.70      6.3
547.80      6.3
547.90      6.3
548.00      6.3
548.10      6.3
548.20      6.3
548.30      6.3
548.40      6.3
548.50      6.3
548.60      6.3
548.70      6.3
548.80      6.3
548.90      6.3
549.00      6.3
549.10      6.3
549.20      6.3
549.30      6.3
549.40      6.3
549.50      6.3
549.60      6.3
549.70      6.3
549.80      6.3
549.90      6.3
550.00      6.3
550.10      6.3
550.20      6.3
550.30      6.3
550.40      6.3
550.50      6.3
550.60      6.3
550.70      6.3
550.80      6.3
550.90      6.3
551.00      6.3
551.10      6.3
551.20      6.3
551.30      6.3
551.40      6.3
551.50      6.3
551.60      6.3
551.70      6.3
551.80      6.3
551.90      6.3
552.00      6.3
552.10      6.3
552.20      6.3
552.30      6.3
552.40      6.3
552.50      6.3
552.60      6.3
552.70      6.3
552.80      6.3
552.90      6.3
553.00      6.3
553.10      6.3
553.20      6.3
553.30      6.3
553.40      6.3
553.50      6.3
553.60      6.3
553.70      6.3
553.80      6.3
553.90      6.3
554.00      6.3
554.10      6.3
554.20      6.3
554.30      6.3
554.40      6.3
554.50      6.3
554.60      6.3
554.70      6.3
554.80      6.3
554.90      6.3
555.00      6.3
555.10      6.3
555.20      6.3
555.30      6.3
555.40      6.3
555.50      6.3
555.60      6.3
555.70      6.3
555.80      6.3
555.90      6.3
556.00      6.3
556.10      6.3
556.20      6.3
556.30      6.3
556.40      6.3
556.50      6.3
556.60      6.3
556.70      6.3
556.80      6.3
556.90      6.3
557.00      6.3
557.10      6.3
557.20      6.3
557.30      6.3
557.40      6.3
557.50      6.3
557.60      6.3
557.70      6.3
557.80      6.3
557.90      6.3
558.00      6.3
558.10      6.3
558.20      6.3
558.30      6.3
558.40      6.3
558.50      6.3
558.60      6.3
558.70      6.3
558.80      6.3
558.90      6.3
559.00      6.3
559.10      6.3
559.20      6.3
559.30      6.3
559.40      6.3
559.50      6.3
559.60      6.3
559.70      6.3
559.80      6.3
559.90      6.3
560.00      6.3
560.10      6.3
560.20      6.3
560.30      6.3
560.40      6.3
560.50      6.3
560.60      6.3
560.70      6.3
560.80      6.3
560.90      6.3
561.00      6.3
561.10      6.3
561.20      6.3
561.30      6.3
561.40      6.3
561.50      6.3
561.60      6.3
561.70      6.3
561.80      6.3
561.90      6.3
562.00      6.3
562.10      6.3
562.20      6.3
562.30      6.3
562.40      6.3
562.50      6.3
562.60      6.3
562.70      6.3
562.80      6.3
562.90      6.3
563.00      6.3
563.10      6.3
563.20      6.3
563.30      6.3
563.40      6.3
563.50      6.3
563.60      6.3
563.70      6.3
563.80      6.3
563.90      6.3
564.00      6.3
564.10      6.3
564.20      6.3
564.30      6.3
564.40      6.3
564.50      6.3
564.60      6.3
564.70      6.3
564.80      6.3
564.90      6.3
565.00      6.3
565.10      6.3
565.20      6.3
565.30      6.3
565.40      6.3
565.50      6.3
565.60      6.3
565.70      6.3
565.80      6.3
565.90      6.3
566.00      6.3
566.10      6.3
566.20      6.3
566.30      6.3
566.40      6.3
566.50      6.3
566.60      6.3
566.70      6.3
566.80      6.3
566.90      6.3
567.00      6.3
567.10      6.3
567.20      6.3
567.30      6.3
567.40      6.3
567.50      6.3
567.60      6.3
567.70      6.3
567.80      6.3
567.90      6.3
568.00      6.3
568.10      6.3
568.20      6.3
568.30      6.3
568.40      6.3
568.50      6.3
568.60      6.3
568.70      6.3
568.80      6.3
568.90      6.3
569.00      6.3
569.10      6.3
569.20      6.3
569.30      6.3
569.40      6.3
569.50      6.3
569.60      6.3
569.70      6.3
569.80      6.3
569.90      6.3
570.00      6.3
570.10      6.3
570.20      6.3
570.30      6.3
570.40      6.3
570.50      6.3
570.60      6.3
570.70      6.3
570.80      6.3
570.90      6.3
571.00      6.3
571.10      6.3
571.20      6.3
571.30      6.3
571.40      6.3
571.50      6.3
571.60      6.3
571.70      6.3
571.80      6.3
571.90      6.3
572.00      6.3
572.10      6.3
572.20      6.3
572.30      6.3
572.40      6.3
572.50      6.3
572.60      6.3
572.70      6.3
572.80      6.3
572.90      6.3
573.00      6.3
573.10      6.3
573.20      6.3
573.30      6.3
573.40      6.3
573.50      6.3
573.60      6.3
573.70      6.3
573.80      6.3
573.90      6.3
574.00      6.3
574.10      6.3
574.20      6.3
574.30      6.3
574.40      6.3
574.50      6.3
574.60      6.3
574.70      6.3
574.80      6.3
574.90      6.3
575.00      6.3
575.10      6.3
575.20      6.3
575.30      6.3
575.40      6.3
575.50      6.3
575.60      6.3
575.70      6.3
575.80      6.3
575.90      6.3
576.00      6.3
576.10      6.3
576.20      6.3
576.30      6.3
576.40      6.3
576.50      6.3
576.60      6.3
576.70      6.3
576.80      6.3
576.90      6.3
577.00      6.3
577.10      6.3
577.20      6.3
577.30      6.3
577.40      6.3
577.50      6.3
577.60      6.3
577.70      6.3
577.80      6.3
577.90      6.3
578.00      6.3
578.10      6.3
578.20      6.3
578.30      6.3
578.40      6.3
578.50      6.3
578.60      6.3
578.70      6.3
578.80      6.3
578.90      6.3
579.00      6.3
579.10      6.3
579.20      6.3
579.30      6.3
579.40      6.3
579.50      6.3
579.60      6.3
579.70      6.3
579.80      6.3
579.90      6.3
580.00      6.3
580.10      6.3
580.20      6.3
580.30      6.3
580.40      6.3
580.50      6.3
580.60      6.3
580.70      6.3
580.80      6.3
580.90      6.3
581.00      6.3
581.10      6.3
581.20      6.3
581.30      6.3
581.40      6.3
581.50      6.3
581.60      6.3
581.70      6.3
581.80      6.3
581.90      6.3
582.00      6.3
582.10      6.3
582.20      6.3
582.30      6.3
582.40      6.3
582.50      6.3
582.60      6.3
582.70      6.3
582.80      6.3
582.90      6.3
583.00      6.3
583.10      6.3
583.20      6.3
583.30      6.3
583.40      6.3
583.50      6.3
583.60      6.3
583.70      6.3
583.80      6.3
583.90      6.3
584.00      6.3
584.10      6.3
584.20      6.3
584.30      6.3
584.40      6.3
584.50      6.3
584.60      6.3
584.70      6.3
584.80      6.3
584.90      6.3
585.00      6.3
585.10      6.3
585.20      6.3
585.30      6.3
585.40      6.3
585.50      6.3
585.60      6.3
585.70      6.3
585.80      6.3
585.90      6.3
586.00      6.3
586.10      6.3
586.20      6.3
586.30      6.3
586.40      6.3
586.50      6.3
586.60      6.3
586.70      6.3
586.80      6.3
586.90      6.3
587.00      6.3
587.10      6.3
587.20      6.3
587.30      6.3
587.40      6.3
587.50      6.3
587.60      6.3
587.70      6.3
587.80      6.3
587.90      6.3
588.00      6.3
588.10      6.3
588.20      6.3
588.30      6.3
588.40      6.3
588.50      6.3
588.60      6.3
588.70      6.3
588.80      6.3
588.90      6.3
589.00      6.3
589.10      6.3
589.20      6.3
589.30      6.3
589.40      6.3
589.50      6.3
589.60      6.3
589.70      6.3
589.80      6.3
589.90      6.3
590.00      6.3
590.10      6.3
590.20      6.3
590.30      6.3
590.40      6.3
590.50      6.3
590.60      6.3
590.70      6.3
590.80      6.3
590.90      6.3
591.00      6.3
591.10      6.3
591.20      6.3
591.30      6.3
591.40      6.3
591.50      6.3
591.60      6.3
591.70      6.3
591.80      6.3
591.90      6.3
592.00      6.3
592.10      6.3
592.20      6.3
592.30      6.3
592.40      6.3
592.50      6.3
592.60      6.3
592.70      6.3
592.80      6.3
592.90      6.3
593.00      6.3
593.10      6.3
593.20      6.3
593.30      6.3
593.40      6.3
593.50      6.3
593.60      6.3
593.70      6.3
593.80      6.3
593.90      6.3
594.00      6.3
594.10      6.3
594.20      6.3
594.30      6.3
594.40      6.3
594.50      6.3
594.60      6.3
594.70      6.3
594.80      6.3
594.90      6.3
595.00      6.3
595.10      6.3
595.20      6.3
595.30      6.3
595.40      6.3
595.50      6.3
595.60      6.3
595.70      6.3
595.80      6.3
595.90      6.3
596.00      6.3
596.10      6.3
596.20      6.3
596.30      6.3
596.40      6.3
596.50      6.3
596.60      6.3
596.70      6.3
596.80      6.3
596.90      6.3
597.00      6.3
597.10      6.3
597.20      6.3
597.30      6.3
597.40      6.3
597.50      6.3
597.60      6.3
597.70      6.3
597.80      6.3
597.90      6.3
598.00      6.3
598.10      6.3
598.20      6.3
598.30      6.3
598.40      6.3
598.50      6.3
598.60      6.3
598.70      6.3
598.80      6.3
598.90      6.3
599.00      6.3
599.10      6.3
599.20      6.3
599.30      6.3
599.40      6.3
599.50      6.3
599.60      6.3
599.70      6.3
599.80      6.3
599.90      6.3
600.00      6.3
600.10      6.3
600.20      6.3
600.30      6.3
600.40      6.3
600.50      6.3
600.60      6.3
600.70      6.3
600.80      6.3
600.90      6.3
601.00      6.3
601.10      6.3
601.20      6.3
601.30      6.3
601.40      6.3
601.50      6.3
601.60      6.3
601.70      6.3
601.80      6.3
601.90      6.3
602.00      6.3
602.10      6.3
602.20      6.3
602.30      6.3
602.40      6.3
602.50      6.3
602.60      6.3
602.70      6.3
602.80      6.3
602.90      6.3
603.00      6.3
603.10      6.3
603.20      6.3
603.30      6.3
603.40      6.3
603.50      6.3
603.60      6.3
603.70      6.3
603.80      6.3
603.90      6.3
604.00      6.3
604.10      6.3
604.20      6.3
604.30      6.3
604.40      6.3
604.50      6.3
604.60      6.3
604.70      6.3
604.80      6.3
604.90      6.3
605.00      6.3
605.10      6.3
605.20      6.3
605.30      6.3
605.40      6.3
605.50      6.3
605.60      6.3
605.70      6.3
605.80      6.3
605.90      6.3
606.00      6.3
606.10      6.3
606.20      6.3
606.30      6.3
606.40      6.3
606.50      6.3
606.60      6.3
606.70      6.3
606.80      6.3
606.90      6.3
607.00      6.3
607.10      6.3
607.20      6.3
607.30      6.3
607.40      6.3
607.50      6.3
607.60      6.3
607.70      6.3
607.80      6.3
607.90      6.3
608.00      6.3
608.10      6.3
608.20      6.3
608.30      6.3
608.40      6.3
608.50      6.3
608.60      6.3
608.70      6.3
608.80      6.3
608.90      6.3
609.00      6.3
609.10      6.3
609.20      6.3
609.30      6.3
609.40      6.3
609.50      6.3
609.60      6.3
609.70      6.3
609.80      6.3
609.90      6.3
610.00      6.3
610.10      6.3
610.20      6.3
610.30      6.3
610.40      6.3
610.50      6.3
610.60      6.3
610.70      6.3
610.80      6.3
610.90      6.3
611.00      6.3
611.10      6.3
611.20      6.3
611.30      6.3
611.40      6.3
611.50      6.3
611.60      6.3
611.70      6.3
611.80      6.3
611.90      6.3
612.00      6.3
612.10      6.3
612.20      6.3
612.30      6.3
612.40      6.3
612.50      6.3
612.60      6.3
612.70      6.3
612.80      6.3
612.90      6.3
613.00      6.3
613.10      6.3
613.20      6.3
613.30      6.3
613.40      6.3
613.50      6.3
613.60      6.3
613.70      6.3
613.80      6.3
613.90      6.3
614.00      6.3
614.10      6.3
614.20      6.3
614.30      6.3
614.40      6.3
614.50      6.3
614.60      6.3
614.70      6.3
614.80      6.3
614.90      6.3
615.00      6.3
615.10      6.3
615.20      6.3
615.30      6.3
615.40      6.3
615.50      6.3
615.60      6.3
615.70      6.3
615.80      6.3
615.90      6.3
616.00      6.3
616.10      6.3
616.20      6.3
616.30      6.3
616.40      6.3
616.50      6.3
616.60      6.3
616.70      6.3
616.80      6.3
616.90      6.3
617.00      6.3
617.10      6.3
617.20      6.3
617.30      6.3
617.40      6.3
617.50      6.3
617.60      6.3
617.70      6.3
617.80      6.3
617.90      6.3
618.00      6.3
618.10      6.3
618.20      6.3
618.30      6.3
618.40      6.3
618.50      6.3
618.60      6.3
618.70      6.3
618.80      6.3
618.90      6.3
619.00      6.3
619.10      6.3
619.20      6.3
619.30      6.3
619.40      6.3
619.50      6.3
619.60      6.3
619.70      6.3
619.80      6.3
619.90      6.3
620.00      6.3
620.10      6.3
620.20      6.3
620.30      6.3
620.40      6.3
620.50      6.3
620.60      6.3
620.70      6.3
620.80      6.3
620.90      6.3
621.00      6.3
621.10      6.3
621.20      6.3
621.30      6.3
621.40      6.3
621.50      6.3
621.60      6.3
621.70      6.3
621.80      6.3
621.90      6.3
622.00      6.3
622.10      6.3
622.20      6.3
622.30      6.3
622.40      6.3
622.50      6.3
622.60      6.3
622.70      6.3
622.80      6.3
622.90      6.3
623.00      6.3
623.10      6.3
623.20      6.3
623.30      6.3
623.40      6.3
623.50      6.3
623.60      6.3
623.70      6.3
623.80      6.3
623.90      6.3
624.00      6.3
624.10      6.3
624.20      6.3
624.30      6.3
624.40      6.3
624.50      6.3
624.60      6.3
624.70      6.3
624.80      6.3
624.90      6.3
625.00      6.3
625.10      6.3
625.20      6.3
625.30      6.3
625.40      6.3
625.50      6.3
625.60      6.3
625.70      6.3
625.80      6.3
625.90      6.3
626.00      6.3
626.10      6.3
626.20      6.3
626.30      6.3
626.40      6.3
626.50      6.3
626.60      6.3
626.70      6.3
626.80      6.3
626.90      6.3
627.00      6.3
627.10      6.3
627.20      6.3
627.30      6.3
627.40      6.3
627.50      6.3
627.60      6.3
627.70      6.3
627.80      6.3
627.90      6.3
628.00      6.3
628.10      6.3
628.20      6.3
628.30      6.3
628.40      6.3
628.50      6.3
628.60      6.3
628.70      6.3
628.80      6.3
628.90      6.3
629.00      6.3
629.10      6.3
629.20      6.3
629.30      6.3
629.40      6.3
629.50      6.3
629.60      6.3
629.70      6.3
629.80      6.3
629.90      6.3
630.00      6.3
630.10      6.3
630.20      6.3
630.30      6.3
630.40      6.3
630.50      6.3
630.60      6.3
630.70      6.3
630.80      6.3
630.90      6.3
631.00      6.3
631.10      6.3
631.20      6.3
631.30      6.3
631.40      6.3
631.50      6.3
631.60      6.3
631.70      6.3
631.80      6.3
631.90      6.3
632.00      6.3
632.10      6.3
632.20      6.3
632.30      6.3
632.40      6.3
632.50      6.3
632.60      6.3
632.70      6.3
632.80      6.3
632.90      6.3
633.00      6.3
633.10      6.3
633.20      6.3
633.30      6.3
633.40      6.3
633.50      6.3
633.60      6.3
633.70      6.3
633.80      6.3
633.90      6.3
634.00      6.3
634.10      6.3
634.20      6.3
634.30      6.3
634.40      6.3
634.50      6.3
634.60      6.3
634.70      6.3
634.80      6.3
634.90      6.3
635.00      6.3
635.10      6.3
635.20      6.3
635.30      6.3
635.40      6.3
635.50      6.3
635.60      6.3
635.70      6.3
635.80      6.3
635.90      6.3
636.00      6.3
636.10      6.3
636.20      6.3
636.30      6.3
636.40      6.3
636.50      6.3
636.60      6.3
636.70      6.3
636.80      6.3
636.90      6.3
637.00      6.3
637.10      6.3
637.20      6.3
637.30      6.3
637.40      6.3
637.50      6.3
637.60      6.3
637.70      6.3
637.80      6.3
637.90      6.3
638.00      6.3
638.10      6.3
638.20      6.3
638.30      6.3
638.40      6.3
638.50      6.3
638.60      6.3
638.70      6.3
638.80      6.3
638.90      6.3
639.00      6.3
639.10      6.3
639.20      6.3
639.30      6.3
639.40      6.3
639.50      6.3
639.60      6.3
639.70      6.3
639.80      6.3
639.90      6.3
640.00      6.3
640.10      6.3
640.20      6.3
640.30      6.3
640.40      6.3
640.50      6.3
640.60      6.3
640.70      6.3
640.80      6.3
640.90      6.3
641.00      6.3
641.10      6.3
641.20      6.3
641.30      6.3
641.40      6.3
641.50      6.3
641.60      6.3
641.70      6.3
641.80      6.3
641.90      6.3
642.00      6.3
642.10      6.3
642.20      6.3
642.30      6.3
642.40      6.3
642.50      6.3
642.60      6.3
642.70      6.3
642.80      6.3
642.90      6.3
643.00      6.3
643.10      6.3
643.20      6.3
643.30      6.3
643.40      6.3
643.50      6.3
643.60      6.3
643.70      6.3
643.80      6.3
643.90      6.3
644.00      6.3
644.10      6.3
644.20      6.3
644.30      6.3
644.40      6.3
644.50      6.3
644.60      6.3
644.70      6.3
644.80      6.3
644.90      6.3
645.00      6.3
645.10      6.3
645.20      6.3
645.30      6.3
645.40      6.3
645.50      6.3
645.60      6.3
645.70      6.3
645.80      6.3
645.90      6.3
646.00      6.3
646.10      6.3
646.20      6.3
646.30      6.3
646.40      6.3
646.50      6.3
646.60      6.3
646.70      6.3
646.80      6.3
646.90      6.3
647.00      6.3
647.10      6.3
647.20      6.3
647.30      6.3
647.40      6.3
647.50      6.3
647.60      6.3
647.70      6.3
647.80      6.3
647.90      6.3
648.00      6.3
648.10      6.3
648.20      6.3
648.30      6.3
648.40      6.3
648.50      6.3
648.60      6.3
648.70      6.3
648.80      6.3
648.90      6.3
649.00      6.3
649.10      6.3
649.20      6.3
649.30      6.3
649.40      6.3
649.50      6.3
649.60      6.3
649.70      6.3
649.80      6.3
649.90      6.3
650.00      6.3
